0.000000 0.523599
0.000500 0.523599
0.001000 0.523599
0.001500 0.523599
0.002000 0.523599
0.002500 0.523599
0.003000 0.523599
0.003500 0.523599
0.004000 0.523599
0.004501 0.523599
0.005001 0.523599
0.005501 0.523599
0.006001 0.523599
0.006501 0.523599
0.007001 0.523599
0.007501 0.523599
0.008001 0.523599
0.008501 0.523599
0.009001 0.523599
0.009501 0.523599
0.010001 0.523599
0.010501 0.523599
0.011001 0.523599
0.011501 0.523599
0.012002 0.523599
0.012502 0.523599
0.013002 0.523599
0.013502 0.523599
0.014002 0.523599
0.014502 0.523599
0.015002 0.523599
0.015502 0.523599
0.016002 0.523599
0.016502 0.523599
0.017002 0.523599
0.017502 0.523599
0.018002 0.523599
0.018502 0.523599
0.019002 0.523599
0.019503 0.523599
0.020003 0.523599
0.020503 0.523599
0.021003 0.523599
0.021503 0.523599
0.022003 0.523599
0.022503 0.523599
0.023003 0.523599
0.023503 0.523599
0.024003 0.523599
0.024503 0.523599
0.025003 0.523599
0.025503 0.523599
0.026003 0.523599
0.026503 0.523599
0.027004 0.523599
0.027504 0.523599
0.028004 0.523599
0.028504 0.523599
0.029004 0.523599
0.029504 0.523599
0.030004 0.523599
0.030504 0.523599
0.031004 0.523599
0.031504 0.523599
0.032004 0.523599
0.032504 0.523599
0.033004 0.523599
0.033504 0.523599
0.034005 0.523599
0.034505 0.523599
0.035005 0.523599
0.035505 0.523599
0.036005 0.523599
0.036505 0.523599
0.037005 0.523599
0.037505 0.523599
0.038005 0.523599
0.038505 0.523599
0.039005 0.523599
0.039505 0.523599
0.040005 0.523599
0.040505 0.523599
0.041005 0.523599
0.041506 0.523599
0.042006 0.523599
0.042506 0.523599
0.043006 0.523599
0.043506 0.523599
0.044006 0.523599
0.044506 0.523599
0.045006 0.523599
0.045506 0.523599
0.046006 0.523599
0.046506 0.523599
0.047006 0.523599
0.047506 0.523599
0.048006 0.523599
0.048506 0.523599
0.049007 0.523599
0.049507 0.523599
0.050007 0.523599
0.050507 0.523599
0.051007 0.523599
0.051507 0.523599
0.052007 0.523599
0.052507 0.523599
0.053007 0.523599
0.053507 0.523599
0.054007 0.523599
0.054507 0.523599
0.055007 0.523599
0.055507 0.523599
0.056007 0.523599
0.056508 0.523599
0.057008 0.523599
0.057508 0.523599
0.058008 0.523599
0.058508 0.523599
0.059008 0.523599
0.059508 0.523599
0.060008 0.523599
0.060508 0.523599
0.061008 0.523599
0.061508 0.523599
0.062008 0.523599
0.062508 0.523599
0.063008 0.523599
0.063508 0.523599
0.064009 0.523599
0.064509 0.523599
0.065009 0.523599
0.065509 0.523599
0.066009 0.523599
0.066509 0.523599
0.067009 0.523599
0.067509 0.523599
0.068009 0.523599
0.068509 0.523599
0.069009 0.523599
0.069509 0.523599
0.070009 0.523599
0.070509 0.523599
0.071009 0.523599
0.071510 0.523599
0.072010 0.523599
0.072510 0.523599
0.073010 0.523599
0.073510 0.523599
0.074010 0.523599
0.074510 0.523599
0.075010 0.523599
0.075510 0.523599
0.076010 0.523599
0.076510 0.523599
0.077010 0.523599
0.077510 0.523599
0.078010 0.523599
0.078510 0.523599
0.079011 0.523599
0.079511 0.523599
0.080011 0.523599
0.080511 0.523599
0.081011 0.523599
0.081511 0.523599
0.082011 0.523599
0.082511 0.523599
0.083011 0.523599
0.083511 0.523599
0.084011 0.523599
0.084511 0.523599
0.085011 0.523599
0.085511 0.523599
0.086011 0.523599
0.086512 0.523599
0.087012 0.523599
0.087512 0.523599
0.088012 0.523599
0.088512 0.523599
0.089012 0.523599
0.089512 0.523599
0.090012 0.523599
0.090512 0.523599
0.091012 0.523599
0.091512 0.523599
0.092012 0.523599
0.092512 0.523599
0.093012 0.523599
0.093512 0.523599
0.094013 0.523599
0.094513 0.523599
0.095013 0.523599
0.095513 0.523599
0.096013 0.523599
0.096513 0.523599
0.097013 0.523599
0.097513 0.523599
0.098013 0.523599
0.098513 0.523599
0.099013 0.523599
0.099513 0.523599
0.100013 0.523599
0.100513 0.523599
0.101013 0.523599
0.101514 0.523599
0.102014 0.523599
0.102514 0.523599
0.103014 0.523599
0.103514 0.523599
0.104014 0.523599
0.104514 0.523599
0.105014 0.523599
0.105514 0.523599
0.106014 0.523599
0.106514 0.523599
0.107014 0.523599
0.107514 0.523599
0.108014 0.523599
0.108514 0.523599
0.109015 0.523599
0.109515 0.523599
0.110015 0.523599
0.110515 0.523599
0.111015 0.523599
0.111515 0.523599
0.112015 0.523599
0.112515 0.523599
0.113015 0.523599
0.113515 0.523599
0.114015 0.523599
0.114515 0.523599
0.115015 0.523599
0.115515 0.523599
0.116015 0.523599
0.116516 0.523599
0.117016 0.523599
0.117516 0.523599
0.118016 0.523599
0.118516 0.523599
0.119016 0.523599
0.119516 0.523599
0.120016 0.523599
0.120516 0.523599
0.121016 0.523599
0.121516 0.523599
0.122016 0.523599
0.122516 0.523599
0.123016 0.523599
0.123516 0.523599
0.124017 0.523599
0.124517 0.523599
0.125017 0.523599
0.125517 0.523599
0.126017 0.523599
0.126517 0.523599
0.127017 0.523599
0.127517 0.523599
0.128017 0.523599
0.128517 0.523599
0.129017 0.523599
0.129517 0.523599
0.130017 0.523599
0.130517 0.523599
0.131017 0.523599
0.131518 0.523599
0.132018 0.523599
0.132518 0.523599
0.133018 0.523599
0.133518 0.523599
0.134018 0.523599
0.134518 0.523599
0.135018 0.523599
0.135518 0.523599
0.136018 0.523599
0.136518 0.523599
0.137018 0.523599
0.137518 0.523599
0.138018 0.523599
0.138518 0.523599
0.139019 0.523599
0.139519 0.523599
0.140019 0.523599
0.140519 0.523599
0.141019 0.523599
0.141519 0.523599
0.142019 0.523599
0.142519 0.523599
0.143019 0.523599
0.143519 0.523599
0.144019 0.523599
0.144519 0.523599
0.145019 0.523599
0.145519 0.523599
0.146019 0.523599
0.146520 0.523599
0.147020 0.523599
0.147520 0.523599
0.148020 0.523599
0.148520 0.523599
0.149020 0.523599
0.149520 0.523599
0.150020 0.523599
0.150520 0.523599
0.151020 0.523599
0.151520 0.523599
0.152020 0.523599
0.152520 0.523599
0.153020 0.523599
0.153520 0.523599
0.154021 0.523599
0.154521 0.523599
0.155021 0.523599
0.155521 0.523599
0.156021 0.523599
0.156521 0.523599
0.157021 0.523599
0.157521 0.523599
0.158021 0.523599
0.158521 0.523599
0.159021 0.523599
0.159521 0.523599
0.160021 0.523599
0.160521 0.523599
0.161021 0.523599
0.161522 0.523599
0.162022 0.523599
0.162522 0.523599
0.163022 0.523599
0.163522 0.523599
0.164022 0.523599
0.164522 0.523599
0.165022 0.523599
0.165522 0.523599
0.166022 0.523599
0.166522 0.523599
0.167022 0.523599
0.167522 0.523599
0.168022 0.523599
0.168522 0.523599
0.169023 0.523599
0.169523 0.523599
0.170023 0.523599
0.170523 0.523599
0.171023 0.523599
0.171523 0.523599
0.172023 0.523599
0.172523 0.523599
0.173023 0.523599
0.173523 0.523599
0.174023 0.523599
0.174523 0.523599
0.175023 0.523599
0.175523 0.523599
0.176023 0.523599
0.176524 0.523599
0.177024 0.523599
0.177524 0.523599
0.178024 0.523599
0.178524 0.523599
0.179024 0.523599
0.179524 0.523599
0.180024 0.523599
0.180524 0.523599
0.181024 0.523599
0.181524 0.523599
0.182024 0.523599
0.182524 0.523599
0.183024 0.523599
0.183524 0.523599
0.184025 0.523599
0.184525 0.523599
0.185025 0.523599
0.185525 0.523599
0.186025 0.523599
0.186525 0.523599
0.187025 0.523599
0.187525 0.523599
0.188025 0.523599
0.188525 0.523599
0.189025 0.523599
0.189525 0.523599
0.190025 0.523599
0.190526 0.521172
0.191026 0.518744
0.191526 0.516764
0.192026 0.514784
0.192526 0.512804
0.193026 0.510824
0.193526 0.508844
0.194026 0.506864
0.194526 0.504884
0.195026 0.502904
0.195526 0.500924
0.196026 0.498944
0.196526 0.496964
0.197026 0.494984
0.197527 0.493004
0.198027 0.491024
0.198527 0.489044
0.199027 0.487064
0.199527 0.485084
0.200027 0.483104
0.200527 0.481124
0.201027 0.479144
0.201527 0.477164
0.202027 0.475184
0.202527 0.473204
0.203027 0.471224
0.203527 0.469244
0.204027 0.467264
0.204527 0.465283
0.205028 0.463303
0.205528 0.461323
0.206028 0.459343
0.206528 0.457363
0.207028 0.455383
0.207528 0.453403
0.208028 0.451423
0.208528 0.449443
0.209028 0.447463
0.209528 0.445483
0.210028 0.443503
0.210528 0.441523
0.211028 0.439543
0.211528 0.437563
0.212028 0.435583
0.212529 0.433603
0.213029 0.431623
0.213529 0.429643
0.214029 0.427663
0.214529 0.425683
0.215029 0.423703
0.215529 0.421723
0.216029 0.419743
0.216529 0.417763
0.217029 0.415783
0.217529 0.413803
0.218029 0.411823
0.218529 0.409843
0.219029 0.407863
0.219529 0.405883
0.220030 0.403903
0.220530 0.401923
0.221030 0.399942
0.221530 0.397962
0.222030 0.395982
0.222530 0.394002
0.223030 0.392022
0.223530 0.390042
0.224030 0.388062
0.224530 0.386082
0.225030 0.384102
0.225530 0.382122
0.226030 0.380142
0.226530 0.378162
0.227030 0.376182
0.227531 0.374202
0.228031 0.372222
0.228531 0.370242
0.229031 0.368262
0.229531 0.366282
0.230031 0.364302
0.230531 0.362322
0.231031 0.360342
0.231531 0.358362
0.232031 0.356382
0.232531 0.354402
0.233031 0.352422
0.233531 0.350442
0.234031 0.348462
0.234531 0.346482
0.235032 0.344502
0.235532 0.342522
0.236032 0.340542
0.236532 0.338562
0.237032 0.336581
0.237532 0.334601
0.238032 0.332621
0.238532 0.330641
0.239032 0.328661
0.239532 0.326681
0.240032 0.324701
0.240532 0.322721
0.241032 0.320741
0.241532 0.318761
0.242032 0.316781
0.242533 0.314801
0.243033 0.312821
0.243533 0.310841
0.244033 0.308861
0.244533 0.306881
0.245033 0.304901
0.245533 0.302921
0.246033 0.300941
0.246533 0.298961
0.247033 0.296981
0.247533 0.295001
0.248033 0.293021
0.248533 0.291041
0.249033 0.289061
0.249533 0.287081
0.250033 0.285101
0.250533 0.283121
0.251033 0.281141
0.251534 0.279161
0.252034 0.277181
0.252534 0.275201
0.253034 0.273221
0.253534 0.271240
0.254034 0.269260
0.254534 0.267280
0.255034 0.265300
0.255534 0.263320
0.256034 0.261340
0.256534 0.259360
0.257034 0.257380
0.257534 0.255400
0.258034 0.253420
0.258534 0.251440
0.259034 0.249460
0.259534 0.247480
0.260034 0.245500
0.260534 0.243520
0.261034 0.241540
0.261535 0.239560
0.262035 0.237580
0.262535 0.235600
0.263035 0.233620
0.263535 0.231640
0.264035 0.229660
0.264535 0.227680
0.265035 0.225700
0.265535 0.223720
0.266035 0.221740
0.266535 0.219760
0.267035 0.217780
0.267535 0.215800
0.268035 0.213820
0.268535 0.211840
0.269035 0.209860
0.269535 0.207879
0.270035 0.205899
0.270535 0.203919
0.271035 0.201939
0.271536 0.199959
0.272036 0.197979
0.272536 0.195999
0.273036 0.194019
0.273536 0.192039
0.274036 0.190059
0.274536 0.188079
0.275036 0.186099
0.275536 0.184119
0.276036 0.182139
0.276536 0.180159
0.277036 0.178179
0.277536 0.176199
0.278036 0.174219
0.278536 0.172239
0.279036 0.170259
0.279536 0.168279
0.280036 0.166299
0.280536 0.164319
0.281036 0.162339
0.281537 0.160359
0.282037 0.158379
0.282537 0.156399
0.283037 0.154419
0.283537 0.152439
0.284037 0.150459
0.284537 0.148479
0.285037 0.146499
0.285537 0.144518
0.286037 0.142538
0.286537 0.140558
0.287037 0.138578
0.287537 0.136598
0.288037 0.134618
0.288537 0.132638
0.289037 0.130658
0.289537 0.128678
0.290037 0.126698
0.290538 0.124718
0.291038 0.122738
0.291538 0.120758
0.292038 0.118778
0.292538 0.116798
0.293038 0.114818
0.293538 0.112838
0.294038 0.110858
0.294538 0.108878
0.295038 0.106898
0.295538 0.104918
0.296038 0.102938
0.296538 0.100958
0.297038 0.098978
0.297538 0.096998
0.298038 0.095018
0.298538 0.093038
0.299038 0.091058
0.299538 0.089078
0.300039 0.087098
0.300539 0.085118
0.301039 0.083138
0.301539 0.081158
0.302039 0.083089
0.302539 0.085021
0.303039 0.086952
0.303539 0.088884
0.304039 0.090816
0.304539 0.092747
0.305039 0.094679
0.305539 0.096611
0.306039 0.098542
0.306539 0.100474
0.307039 0.102405
0.307539 0.104337
0.308039 0.106269
0.308539 0.108200
0.309039 0.110132
0.309539 0.112064
0.310040 0.113995
0.310540 0.115927
0.311040 0.117859
0.311540 0.119790
0.312040 0.121722
0.312540 0.123653
0.313040 0.125585
0.313540 0.127517
0.314040 0.129448
0.314540 0.131380
0.315040 0.133312
0.315540 0.135243
0.316040 0.137175
0.316540 0.139107
0.317040 0.141038
0.317540 0.142970
0.318040 0.144901
0.318540 0.146833
0.319040 0.148765
0.319540 0.150696
0.320041 0.152628
0.320541 0.154560
0.321041 0.156491
0.321541 0.158423
0.322041 0.160355
0.322541 0.162286
0.323041 0.164218
0.323541 0.166149
0.324041 0.168081
0.324541 0.170013
0.325041 0.171944
0.325541 0.173876
0.326041 0.175808
0.326541 0.177739
0.327041 0.179671
0.327541 0.181603
0.328041 0.183534
0.328541 0.185466
0.329041 0.187397
0.329541 0.189329
0.330042 0.191261
0.330542 0.193192
0.331042 0.195124
0.331542 0.197056
0.332042 0.198987
0.332542 0.200919
0.333042 0.202851
0.333542 0.204782
0.334042 0.206714
0.334542 0.208645
0.335042 0.210577
0.335542 0.212509
0.336042 0.214440
0.336542 0.216372
0.337042 0.218304
0.337542 0.220235
0.338042 0.222167
0.338542 0.224099
0.339042 0.226030
0.339542 0.227962
0.340042 0.229893
0.340542 0.231825
0.341042 0.233757
0.341542 0.235688
0.342042 0.237620
0.342542 0.239552
0.343042 0.241483
0.343542 0.243415
0.344042 0.245347
0.344542 0.247278
0.345042 0.249210
0.345542 0.251141
0.346042 0.253073
0.346542 0.255005
0.347042 0.256936
0.347542 0.258868
0.348042 0.260800
0.348542 0.262731
0.349042 0.264663
0.349542 0.266594
0.350042 0.268526
0.350542 0.270458
0.351042 0.272389
0.351542 0.274321
0.352042 0.276253
0.352542 0.278184
0.353042 0.280116
0.353542 0.282048
0.354042 0.283979
0.354542 0.262642
0.355042 0.241305
0.355542 0.219967
0.356042 0.198630
0.356542 0.177293
0.357042 0.155955
0.357542 0.134618
0.358042 0.113281
0.358542 0.091943
0.359042 0.070606
0.359542 0.049269
0.360042 0.027931
0.360542 0.006594
0.361042 -0.014743
0.361542 -0.036081
0.362042 -0.057418
0.362542 -0.078755
0.363042 -0.100093
0.363542 -0.121430
0.364042 -0.142767
