0.000000 0.000000
0.000500 0.000000
0.002000 0.000000
0.003500 0.000000
0.005001 0.000000
0.006501 0.000000
0.008001 0.000000
0.009501 0.000000
0.011001 0.000000
0.012502 0.000000
0.014002 0.000000
0.015502 0.000000
0.017002 0.000000
0.018502 0.000000
0.020003 0.000000
0.021503 0.000000
0.023003 0.000000
0.024503 0.000000
0.026003 0.000000
0.027504 0.000000
0.029004 0.000000
0.030504 0.000000
0.032004 0.000000
0.033505 0.000000
0.035005 0.000000
0.036505 0.000000
0.038005 0.000000
0.039505 0.000000
0.041006 0.000000
0.042506 0.000000
0.044006 0.000000
0.045506 0.000000
0.047006 0.000000
0.048507 0.000000
0.050007 0.000000
0.051507 0.000000
0.053007 0.000000
0.054507 0.000000
0.056008 0.000000
0.057508 0.000000
0.059008 0.000000
0.060508 0.000000
0.062008 0.000000
0.063509 0.000000
0.065009 0.000000
0.066509 0.000000
0.068009 0.000000
0.069509 0.000000
0.071010 0.000000
0.072510 0.000000
0.074010 0.000000
0.075510 0.000000
0.077010 0.000000
0.078511 0.000000
0.080011 0.000000
0.081511 0.000000
0.083011 0.000000
0.084511 0.000000
0.086012 0.000000
0.087512 0.000000
0.089012 0.000000
0.090512 0.000000
0.092012 0.000000
0.093513 0.000000
0.095013 0.000000
0.096513 0.000000
0.098013 0.000000
0.099513 0.000000
0.101014 0.000000
0.102514 0.000000
0.104014 0.000000
0.105514 0.000000
0.107014 0.000000
0.108515 0.000000
0.110015 0.000000
0.111515 0.000000
0.113015 0.000000
0.114515 0.000000
0.116016 0.000000
0.117516 0.000000
0.119016 0.000000
0.120516 0.000000
0.122016 0.000000
0.123517 0.000000
0.125017 0.000000
0.126517 0.000000
0.128017 0.000000
0.129517 0.000000
0.131018 0.000000
0.132518 0.000000
0.134018 0.000000
0.135518 0.000000
0.137018 0.000000
0.138519 0.000000
0.140019 0.000000
0.141519 0.000000
0.143019 0.000000
0.144519 0.000000
0.146020 0.000000
0.147520 0.000000
0.149020 0.000000
0.150520 0.000000
0.152020 0.000000
0.153521 0.000000
0.155021 0.000000
0.156521 0.000000
0.158021 0.000000
0.159521 0.000000
0.161022 0.000000
0.162522 0.000000
0.164022 0.000000
0.165522 0.000000
0.167022 0.000000
0.168523 0.000000
0.170023 0.000000
0.171523 0.000000
0.173023 0.000000
0.174523 0.000000
0.176024 0.000000
0.177524 0.000000
0.179024 0.000000
0.180524 0.000000
0.182024 0.000000
0.183525 0.000000
0.185025 0.000000
0.186525 0.000000
0.188025 0.000000
0.189025 -18.280152
0.189525 -13.381372
0.190526 -13.381372
0.192026 -13.381372
0.193526 -13.381372
0.195026 -13.111041
0.196526 -13.111041
0.198027 -13.111041
0.199527 -13.111041
0.201027 -13.111041
0.202527 -12.921020
0.204027 -12.921020
0.205528 -12.921020
0.207028 -12.921020
0.208528 -12.921020
0.210028 -12.921020
0.211528 -12.921020
0.213029 -12.750496
0.214529 -12.750496
0.216029 -12.750496
0.217529 -12.750496
0.219029 -12.750496
0.220530 -12.750496
0.222030 -12.750496
0.223530 -12.750496
0.225030 -12.750496
0.226530 -12.750496
0.228031 -12.750496
0.229531 -12.750496
0.231031 -12.750496
0.232531 -12.750496
0.234031 -12.750496
0.235532 -12.750496
0.237032 -12.750496
0.238532 -12.750496
0.240032 -12.750496
0.241532 -12.750496
0.243033 -12.750496
0.244533 -12.750496
0.246033 -12.750496
