0.000000 0.000000
0.000500 0.000000
0.001000 0.000000
0.002000 0.000000
0.002500 0.000000
0.003500 0.000000
0.004001 0.000000
0.005001 0.000000
0.005501 0.000000
0.006501 0.000000
0.007001 0.000000
0.008001 0.000000
0.008501 0.000000
0.009501 0.000000
0.010001 0.000000
0.011001 0.000000
0.011502 0.000000
0.012502 0.000000
0.013002 0.000000
0.014002 0.000000
0.014502 0.000000
0.015502 0.000000
0.016002 0.000000
0.017002 0.000000
0.017502 0.000000
0.018502 0.000000
0.019003 0.000000
0.020003 0.000000
0.020503 0.000000
0.021503 0.000000
0.022003 0.000000
0.023003 0.000000
0.023503 0.000000
0.024503 0.000000
0.025003 0.000000
0.026003 0.000000
0.026504 0.000000
0.027504 0.000000
0.028004 0.000000
0.029004 0.000000
0.029504 0.000000
0.030504 0.000000
0.031004 0.000000
0.032004 0.000000
0.032504 0.000000
0.033505 0.000000
0.034005 0.000000
0.035005 0.000000
0.035505 0.000000
0.036505 0.000000
0.037005 0.000000
0.038005 0.000000
0.038505 0.000000
0.039505 0.000000
0.040005 0.000000
0.041006 0.000000
0.041506 0.000000
0.042506 0.000000
0.043006 0.000000
0.044006 0.000000
0.044506 0.000000
0.045506 0.000000
0.046006 0.000000
0.047006 0.000000
0.047506 0.000000
0.048507 0.000000
0.049007 0.000000
0.050007 0.000000
0.050507 0.000000
0.051507 0.000000
0.052007 0.000000
0.053007 0.000000
0.053507 0.000000
0.054507 0.000000
0.055007 0.000000
0.056008 0.000000
0.056508 0.000000
0.057508 0.000000
0.058008 0.000000
0.059008 0.000000
0.059508 0.000000
0.060508 0.000000
0.061008 0.000000
0.062008 0.000000
0.062508 0.000000
0.063509 0.000000
0.064009 0.000000
0.065009 0.000000
0.065509 0.000000
0.066509 0.000000
0.067009 0.000000
0.068009 0.000000
0.068509 0.000000
0.069509 0.000000
0.070009 0.000000
0.071010 0.000000
0.071510 0.000000
0.072510 0.000000
0.073010 0.000000
0.074010 0.000000
0.074510 0.000000
0.075510 0.000000
0.076010 0.000000
0.077010 0.000000
0.077510 0.000000
0.078511 0.000000
0.079011 0.000000
0.080011 0.000000
0.080511 0.000000
0.081511 0.000000
0.082011 0.000000
0.083011 0.000000
0.083511 0.000000
0.084511 0.000000
0.085011 0.000000
0.086012 0.000000
0.086512 0.000000
0.087512 0.000000
0.088012 0.000000
0.089012 0.000000
0.089512 0.000000
0.090512 0.000000
0.091012 0.000000
0.092012 0.000000
0.092512 0.000000
0.093513 0.000000
0.094013 0.000000
0.095013 0.000000
0.095513 0.000000
0.096513 0.000000
0.097013 0.000000
0.098013 0.000000
0.098513 0.000000
0.099513 0.000000
0.100013 0.000000
0.101014 0.000000
0.101514 0.000000
0.102514 0.000000
0.103014 0.000000
0.104014 0.000000
0.104514 0.000000
0.105514 0.000000
0.106014 0.000000
0.107014 0.000000
0.107514 0.000000
0.108515 0.000000
0.109015 0.000000
0.110015 0.000000
0.110515 0.000000
0.111515 0.000000
0.112015 0.000000
0.113015 0.000000
0.113515 0.000000
0.114515 0.000000
0.115015 0.000000
0.116016 0.000000
0.116516 0.000000
0.117516 0.000000
0.118016 0.000000
0.119016 0.000000
0.119516 0.000000
0.120516 0.000000
0.121016 0.000000
0.122016 0.000000
0.122516 0.000000
0.123517 0.000000
0.124017 0.000000
0.125017 0.000000
0.125517 0.000000
0.126517 0.000000
0.127017 0.000000
0.128017 0.000000
0.128517 0.000000
0.129517 0.000000
0.130017 0.000000
0.131018 0.000000
0.131518 0.000000
0.132518 0.000000
0.133018 0.000000
0.134018 0.000000
0.134518 0.000000
0.135518 0.000000
0.136018 0.000000
0.137018 0.000000
0.137518 0.000000
0.138519 0.000000
0.139019 0.000000
0.140019 0.000000
0.140519 0.000000
0.141519 0.000000
0.142019 0.000000
0.143019 0.000000
0.143519 0.000000
0.144519 0.000000
0.145019 0.000000
0.146020 0.000000
0.146520 0.000000
0.147520 0.000000
0.148020 0.000000
0.149020 0.000000
0.149520 0.000000
0.150520 0.000000
0.151020 0.000000
0.152020 0.000000
0.152520 0.000000
0.153521 0.000000
0.154021 0.000000
0.155021 0.000000
0.155521 0.000000
0.156521 0.000000
0.157021 0.000000
0.158021 0.000000
0.158521 0.000000
0.159521 0.000000
0.160021 0.000000
0.161022 0.000000
0.161522 0.000000
0.162522 0.000000
0.163022 0.000000
0.164022 0.000000
0.164522 0.000000
0.165522 0.000000
0.166022 0.000000
0.167022 0.000000
0.167522 0.000000
0.168523 0.000000
0.169023 0.000000
0.170023 0.000000
0.170523 0.000000
0.171523 0.000000
0.172023 0.000000
0.173023 0.000000
0.173523 0.000000
0.174523 0.000000
0.175023 0.000000
0.176024 0.000000
0.176524 0.000000
0.177524 0.000000
0.178024 0.000000
0.179024 0.000000
0.179524 0.000000
0.180524 0.000000
0.181024 0.000000
0.182024 0.000000
0.182524 0.000000
0.183525 0.000000
0.184025 0.000000
0.185025 0.000000
0.185525 0.000000
0.186525 0.000000
0.187025 0.000000
0.188025 0.000000
0.188525 0.000000
0.189525 -4.850096
0.190026 -0.000265
0.190526 -0.000265
0.191026 -0.887456
0.192026 -0.887456
0.192526 -0.887456
0.193526 -0.887456
0.194026 -0.887456
0.195026 -1.135227
0.195526 -1.135227
0.196526 -1.135227
0.197027 -1.135227
0.198027 -1.135227
0.198527 -1.135227
0.199527 -1.135227
0.200027 -1.135227
0.201027 -1.135227
0.201527 -1.135227
0.202527 -1.296137
0.203027 -1.296137
0.204027 -1.296137
0.204528 -1.296137
0.205528 -1.296137
0.206028 -1.296137
0.207028 -1.296137
0.207528 -1.296137
0.208528 -1.296137
0.209028 -1.296137
0.210028 -1.296137
0.210528 -1.296137
0.211528 -1.296137
0.212029 -1.296137
0.213029 -1.430524
0.213529 -1.430524
0.214529 -1.430524
0.215029 -1.430524
0.216029 -1.430524
0.216529 -1.430524
0.217529 -1.430524
0.218029 -1.430524
0.219029 -1.430524
0.219530 -1.430524
0.220530 -1.430524
0.221030 -1.430524
0.222030 -1.430524
0.222530 -1.430524
0.223530 -1.430524
0.224030 -1.430524
0.225030 -1.430524
0.225530 -1.430524
0.226530 -1.430524
0.227031 -1.430524
0.228031 -1.430524
0.228531 -1.430524
0.229531 -1.430524
0.230031 -1.430524
0.231031 -1.430524
0.231531 -1.430524
0.232531 -1.430524
0.233031 -1.430524
0.234031 -1.430524
0.234532 -1.430524
0.235532 -1.430524
0.236032 -1.430524
0.237032 -1.430524
0.237532 -1.430524
0.238532 -1.430524
0.239032 -1.430524
0.240032 -1.430524
0.240532 -1.430524
0.241532 -1.430524
0.242033 -1.430524
0.243033 -1.430524
0.243533 -1.430524
0.244533 -1.430524
0.245033 -1.430524
0.246033 -1.430524
0.246533 -1.430524
0.248033 -1.430524
0.249033 -1.430524
0.250033 -1.430524
0.251034 -1.430524
0.252034 -1.430524
0.253034 -1.430524
0.254034 -1.430524
0.255034 -1.430524
0.256034 -1.430524
0.257034 -1.430524
0.258034 -1.430524
0.259034 -1.430524
0.260034 -1.430524
0.261035 -1.430524
0.262035 -1.430524
0.263035 -1.430524
0.264035 -1.430524
0.265035 -1.430524
0.266035 -1.430524
0.267035 -1.430524
0.268035 -1.430524
0.269035 -1.430524
0.270035 -1.430524
0.271036 -1.430524
0.272036 -1.430524
0.273036 -1.430524
0.274036 -1.430524
0.275036 -1.430524
0.276036 -1.430524
0.277036 -1.430524
0.278036 -1.430524
0.279036 -1.430524
0.280036 -1.430524
0.281037 -1.430524
0.282037 -1.430524
0.283037 -1.430524
0.284037 -1.430524
0.285037 -1.430524
0.286037 -1.430524
0.287037 -1.430524
0.288037 -1.430524
0.289037 -1.430524
0.289537 28.973141
0.290038 28.973141
0.290538 28.973141
0.291538 28.973141
0.292538 28.973141
0.293538 28.973141
0.294538 28.973141
0.295538 28.973141
0.296538 28.973141
0.297538 28.973141
0.298538 28.973141
0.299539 28.973141
0.300539 28.973141
0.301539 21.641522
0.302539 21.641522
0.303539 21.641522
0.304539 21.641522
0.305539 21.641522
0.306539 21.641522
0.307539 21.641522
0.308539 21.641522
0.309540 21.641522
0.310540 21.641522
0.311540 21.641522
0.312540 21.641522
0.313540 21.641522
0.314540 21.641522
0.315540 21.641522
0.316540 21.641522
0.317540 21.641522
0.318540 21.641522
0.319541 21.641522
0.320541 21.641522
0.321541 21.641522
0.322541 21.641522
0.323541 21.641522
0.324541 21.641522
0.325541 21.641522
0.326541 21.641522
0.327541 21.641522
0.328541 21.641522
0.329542 21.641522
0.330542 21.641522
0.331542 21.641522
0.332542 21.641522
0.333542 21.641522
