0.000000 -0.523599
0.000500 -0.523599
0.001000 -0.523599
0.001500 -0.523599
0.002000 -0.523599
0.002500 -0.523599
0.003000 -0.523599
0.003500 -0.523599
0.004000 -0.523599
0.004501 -0.523599
0.005001 -0.523599
0.005501 -0.523599
0.006001 -0.523599
0.006501 -0.523599
0.007001 -0.523599
0.007501 -0.523599
0.008001 -0.523599
0.008501 -0.523599
0.009001 -0.523599
0.009501 -0.523599
0.010001 -0.523599
0.010501 -0.523599
0.011001 -0.523599
0.011501 -0.523599
0.012002 -0.523599
0.012502 -0.523599
0.013002 -0.523599
0.013502 -0.523599
0.014002 -0.523599
0.014502 -0.523599
0.015002 -0.523599
0.015502 -0.523599
0.016002 -0.523599
0.016502 -0.523599
0.017002 -0.523599
0.017502 -0.523599
0.018002 -0.523599
0.018502 -0.523599
0.019002 -0.523599
0.019503 -0.523599
0.020003 -0.523599
0.020503 -0.523599
0.021003 -0.523599
0.021503 -0.523599
0.022003 -0.523599
0.022503 -0.523599
0.023003 -0.523599
0.023503 -0.523599
0.024003 -0.523599
0.024503 -0.523599
0.025003 -0.523599
0.025503 -0.523599
0.026003 -0.523599
0.026503 -0.523599
0.027004 -0.523599
0.027504 -0.523599
0.028004 -0.523599
0.028504 -0.523599
0.029004 -0.523599
0.029504 -0.523599
0.030004 -0.523599
0.030504 -0.523599
0.031004 -0.523599
0.031504 -0.523599
0.032004 -0.523599
0.032504 -0.523599
0.033004 -0.523599
0.033504 -0.523599
0.034005 -0.523599
0.034505 -0.523599
0.035005 -0.523599
0.035505 -0.523599
0.036005 -0.523599
0.036505 -0.523599
0.037005 -0.523599
0.037505 -0.523599
0.038005 -0.523599
0.038505 -0.523599
0.039005 -0.523599
0.039505 -0.523599
0.040005 -0.523599
0.040505 -0.523599
0.041005 -0.523599
0.041506 -0.523599
0.042006 -0.523599
0.042506 -0.523599
0.043006 -0.523599
0.043506 -0.523599
0.044006 -0.523599
0.044506 -0.523599
0.045006 -0.523599
0.045506 -0.523599
0.046006 -0.523599
0.046506 -0.523599
0.047006 -0.523599
0.047506 -0.523599
0.048006 -0.523599
0.048506 -0.523599
0.049007 -0.523599
0.049507 -0.523599
0.050007 -0.523599
0.050507 -0.523599
0.051007 -0.523599
0.051507 -0.523599
0.052007 -0.523599
0.052507 -0.523599
0.053007 -0.523599
0.053507 -0.523599
0.054007 -0.523599
0.054507 -0.523599
0.055007 -0.523599
0.055507 -0.523599
0.056007 -0.523599
0.056508 -0.523599
0.057008 -0.523599
0.057508 -0.523599
0.058008 -0.523599
0.058508 -0.523599
0.059008 -0.523599
0.059508 -0.523599
0.060008 -0.523599
0.060508 -0.523599
0.061008 -0.523599
0.061508 -0.523599
0.062008 -0.523599
0.062508 -0.523599
0.063008 -0.523599
0.063508 -0.523599
0.064009 -0.523599
0.064509 -0.523599
0.065009 -0.523599
0.065509 -0.523599
0.066009 -0.523599
0.066509 -0.523599
0.067009 -0.523599
0.067509 -0.523599
0.068009 -0.523599
0.068509 -0.523599
0.069009 -0.523599
0.069509 -0.523599
0.070009 -0.523599
0.070509 -0.523599
0.071009 -0.523599
0.071510 -0.523599
0.072010 -0.523599
0.072510 -0.523599
0.073010 -0.523599
0.073510 -0.523599
0.074010 -0.523599
0.074510 -0.523599
0.075010 -0.523599
0.075510 -0.523599
0.076010 -0.523599
0.076510 -0.523599
0.077010 -0.523599
0.077510 -0.523599
0.078010 -0.523599
0.078510 -0.523599
0.079011 -0.523599
0.079511 -0.523599
0.080011 -0.523599
0.080511 -0.523599
0.081011 -0.523599
0.081511 -0.523599
0.082011 -0.523599
0.082511 -0.523599
0.083011 -0.523599
0.083511 -0.523599
0.084011 -0.523599
0.084511 -0.523599
0.085011 -0.523599
0.085511 -0.523599
0.086011 -0.523599
0.086512 -0.523599
0.087012 -0.523599
0.087512 -0.523599
0.088012 -0.523599
0.088512 -0.523599
0.089012 -0.523599
0.089512 -0.523599
0.090012 -0.523599
0.090512 -0.523599
0.091012 -0.523599
0.091512 -0.523599
0.092012 -0.523599
0.092512 -0.523599
0.093012 -0.523599
0.093512 -0.523599
0.094013 -0.523599
0.094513 -0.523599
0.095013 -0.523599
0.095513 -0.523599
0.096013 -0.523599
0.096513 -0.523599
0.097013 -0.523599
0.097513 -0.523599
0.098013 -0.523599
0.098513 -0.523599
0.099013 -0.523599
0.099513 -0.523599
0.100013 -0.523599
0.100513 -0.523599
0.101013 -0.523599
0.101514 -0.523599
0.102014 -0.523599
0.102514 -0.523599
0.103014 -0.523599
0.103514 -0.523599
0.104014 -0.523599
0.104514 -0.523599
0.105014 -0.523599
0.105514 -0.523599
0.106014 -0.523599
0.106514 -0.523599
0.107014 -0.523599
0.107514 -0.523599
0.108014 -0.523599
0.108514 -0.523599
0.109015 -0.523599
0.109515 -0.523599
0.110015 -0.523599
0.110515 -0.523599
0.111015 -0.523599
0.111515 -0.523599
0.112015 -0.523599
0.112515 -0.523599
0.113015 -0.523599
0.113515 -0.523599
0.114015 -0.523599
0.114515 -0.523599
0.115015 -0.523599
0.115515 -0.523599
0.116015 -0.523599
0.116516 -0.523599
0.117016 -0.523599
0.117516 -0.523599
0.118016 -0.523599
0.118516 -0.523599
0.119016 -0.523599
0.119516 -0.523599
0.120016 -0.523599
0.120516 -0.523599
0.121016 -0.523599
0.121516 -0.523599
0.122016 -0.523599
0.122516 -0.523599
0.123016 -0.523599
0.123516 -0.523599
0.124017 -0.523599
0.124517 -0.523599
0.125017 -0.523599
0.125517 -0.523599
0.126017 -0.523599
0.126517 -0.523599
0.127017 -0.523599
0.127517 -0.523599
0.128017 -0.523599
0.128517 -0.523599
0.129017 -0.523599
0.129517 -0.523599
0.130017 -0.523599
0.130517 -0.523599
0.131017 -0.523599
0.131518 -0.523599
0.132018 -0.523599
0.132518 -0.523599
0.133018 -0.523599
0.133518 -0.523599
0.134018 -0.523599
0.134518 -0.523599
0.135018 -0.523599
0.135518 -0.523599
0.136018 -0.523599
0.136518 -0.523599
0.137018 -0.523599
0.137518 -0.523599
0.138018 -0.523599
0.138518 -0.523599
0.139019 -0.523599
0.139519 -0.523599
0.140019 -0.523599
0.140519 -0.523599
0.141019 -0.523599
0.141519 -0.523599
0.142019 -0.523599
0.142519 -0.523599
0.143019 -0.523599
0.143519 -0.523599
0.144019 -0.523599
0.144519 -0.523599
0.145019 -0.523599
0.145519 -0.523599
0.146019 -0.523599
0.146520 -0.523599
0.147020 -0.523599
0.147520 -0.523599
0.148020 -0.523599
0.148520 -0.523599
0.149020 -0.523599
0.149520 -0.523599
0.150020 -0.523599
0.150520 -0.523599
0.151020 -0.523599
0.151520 -0.523599
0.152020 -0.523599
0.152520 -0.523599
0.153020 -0.523599
0.153520 -0.523599
0.154021 -0.523599
0.154521 -0.523599
0.155021 -0.523599
0.155521 -0.523599
0.156021 -0.523599
0.156521 -0.523599
0.157021 -0.523599
0.157521 -0.523599
0.158021 -0.523599
0.158521 -0.523599
0.159021 -0.523599
0.159521 -0.523599
0.160021 -0.523599
0.160521 -0.523599
0.161021 -0.523599
0.161522 -0.523599
0.162022 -0.523599
0.162522 -0.523599
0.163022 -0.523599
0.163522 -0.523599
0.164022 -0.523599
0.164522 -0.523599
0.165022 -0.523599
0.165522 -0.523599
0.166022 -0.523599
0.166522 -0.523599
0.167022 -0.523599
0.167522 -0.523599
0.168022 -0.523599
0.168522 -0.523599
0.169023 -0.523599
0.169523 -0.523599
0.170023 -0.523599
0.170523 -0.523599
0.171023 -0.523599
0.171523 -0.523599
0.172023 -0.523599
0.172523 -0.523599
0.173023 -0.523599
0.173523 -0.523599
0.174023 -0.523599
0.174523 -0.523599
0.175023 -0.523599
0.175523 -0.523599
0.176023 -0.523599
0.176524 -0.523599
0.177024 -0.523599
0.177524 -0.523599
0.178024 -0.523599
0.178524 -0.523599
0.179024 -0.523599
0.179524 -0.523599
0.180024 -0.523599
0.180524 -0.523599
0.181024 -0.523599
0.181524 -0.523599
0.182024 -0.523599
0.182524 -0.523599
0.183024 -0.523599
0.183524 -0.523599
0.184025 -0.523599
0.184525 -0.523599
0.185025 -0.523599
0.185525 -0.523599
0.186025 -0.523599
0.186525 -0.523599
0.187025 -0.523599
0.187525 -0.523599
0.188025 -0.523599
0.188525 -0.523599
0.189025 -0.523599
0.189525 -0.523599
0.190025 -0.526024
0.190526 -0.526024
0.191026 -0.526024
0.191526 -0.526468
0.192026 -0.526912
0.192526 -0.527355
0.193026 -0.527799
0.193526 -0.528243
0.194026 -0.528686
0.194526 -0.529130
0.195026 -0.529574
0.195526 -0.530142
0.196026 -0.530709
0.196526 -0.531277
0.197026 -0.531844
0.197527 -0.532412
0.198027 -0.532980
0.198527 -0.533547
0.199027 -0.534115
0.199527 -0.534682
0.200027 -0.535250
0.200527 -0.535818
0.201027 -0.536385
0.201527 -0.536953
0.202027 -0.537521
0.202527 -0.538088
0.203027 -0.538736
0.203527 -0.539384
0.204027 -0.540032
0.204527 -0.540680
0.205028 -0.541328
0.205528 -0.541977
0.206028 -0.542625
0.206528 -0.543273
0.207028 -0.543921
0.207528 -0.544569
0.208028 -0.545217
0.208528 -0.545865
0.209028 -0.546513
0.209528 -0.547161
0.210028 -0.547809
0.210528 -0.548457
0.211028 -0.549105
0.211528 -0.549753
0.212028 -0.550401
0.212529 -0.551049
0.213029 -0.551698
0.213529 -0.552413
0.214029 -0.553128
0.214529 -0.553843
0.215029 -0.554559
0.215529 -0.555274
0.216029 -0.555989
0.216529 -0.556704
0.217029 -0.557420
0.217529 -0.558135
0.218029 -0.558850
0.218529 -0.559565
0.219029 -0.560281
0.219529 -0.560996
0.220030 -0.561711
0.220530 -0.562426
0.221030 -0.563142
0.221530 -0.563857
0.222030 -0.564572
0.222530 -0.565288
0.223030 -0.566003
0.223530 -0.566718
0.224030 -0.567433
0.224530 -0.568149
0.225030 -0.568864
0.225530 -0.569579
0.226030 -0.570294
0.226530 -0.571010
0.227030 -0.571725
0.227531 -0.572440
0.228031 -0.573155
0.228531 -0.573871
0.229031 -0.574586
0.229531 -0.575301
0.230031 -0.576016
0.230531 -0.576732
0.231031 -0.577447
0.231531 -0.578162
0.232031 -0.578878
0.232531 -0.579593
0.233031 -0.580308
0.233531 -0.581023
0.234031 -0.581739
0.234531 -0.582454
0.235032 -0.583169
0.235532 -0.583884
0.236032 -0.584600
0.236532 -0.585315
0.237032 -0.586030
0.237532 -0.586745
0.238032 -0.587461
0.238532 -0.588176
0.239032 -0.588891
0.239532 -0.589606
0.240032 -0.590322
0.240532 -0.591037
0.241032 -0.591752
0.241532 -0.592467
0.242032 -0.593183
0.242533 -0.593898
0.243033 -0.594613
0.243533 -0.595329
0.244033 -0.596044
0.244533 -0.596759
0.245033 -0.597474
0.245533 -0.598190
0.246033 -0.598905
0.246533 -0.599620
0.247033 -0.600335
0.247533 -0.601051
0.248033 -0.601766
0.248533 -0.602481
0.249033 -0.603196
0.249533 -0.603912
0.250033 -0.604627
0.250533 -0.605342
0.251033 -0.606057
0.251534 -0.606773
0.252034 -0.607488
0.252534 -0.608203
0.253034 -0.608918
0.253534 -0.609634
0.254034 -0.610349
0.254534 -0.611064
0.255034 -0.611780
0.255534 -0.612495
0.256034 -0.613210
0.256534 -0.613925
0.257034 -0.614641
0.257534 -0.615356
0.258034 -0.616071
0.258534 -0.616786
0.259034 -0.617502
0.259534 -0.618217
0.260034 -0.618932
0.260534 -0.619647
0.261034 -0.620363
0.261535 -0.621078
0.262035 -0.621793
0.262535 -0.622508
0.263035 -0.623224
0.263535 -0.623939
0.264035 -0.624654
0.264535 -0.625370
0.265035 -0.626085
0.265535 -0.626800
0.266035 -0.627515
0.266535 -0.628231
0.267035 -0.628946
0.267535 -0.629661
0.268035 -0.630376
0.268535 -0.631092
0.269035 -0.631807
0.269535 -0.632522
0.270035 -0.633237
0.270535 -0.633953
0.271035 -0.634668
0.271536 -0.635383
0.272036 -0.636098
0.272536 -0.636814
0.273036 -0.637529
0.273536 -0.638244
0.274036 -0.638959
0.274536 -0.639675
0.275036 -0.640390
0.275536 -0.641105
0.276036 -0.641821
0.276536 -0.642536
0.277036 -0.643251
0.277536 -0.643966
0.278036 -0.644682
0.278536 -0.645397
0.279036 -0.646112
0.279536 -0.646827
0.280036 -0.647543
0.280536 -0.648258
0.281036 -0.648973
0.281537 -0.649688
0.282037 -0.650404
0.282537 -0.651119
0.283037 -0.651834
0.283537 -0.652549
0.284037 -0.653265
0.284537 -0.653980
0.285037 -0.654695
0.285537 -0.655411
0.286037 -0.656126
0.286537 -0.656841
0.287037 -0.657556
0.287537 -0.658272
0.288037 -0.658987
0.288537 -0.659702
0.289037 -0.660417
0.289537 -0.661133
0.290037 -0.646646
0.290538 -0.632159
0.291038 -0.617673
0.291538 -0.603186
0.292038 -0.588700
0.292538 -0.574213
0.293038 -0.559727
0.293538 -0.545240
0.294038 -0.530753
0.294538 -0.516267
0.295038 -0.501780
0.295538 -0.487294
0.296038 -0.472807
0.296538 -0.458321
0.297038 -0.443834
0.297538 -0.429347
0.298038 -0.414861
0.298538 -0.400374
0.299038 -0.385888
0.299538 -0.371401
0.300039 -0.356915
0.300539 -0.342428
0.301039 -0.327941
0.301539 -0.313455
0.302039 -0.302634
0.302539 -0.291813
0.303039 -0.280993
0.303539 -0.270172
0.304039 -0.259351
0.304539 -0.248530
0.305039 -0.237710
0.305539 -0.226889
0.306039 -0.216068
0.306539 -0.205247
0.307039 -0.194427
0.307539 -0.183606
0.308039 -0.172785
0.308539 -0.161964
0.309039 -0.151143
0.309539 -0.140323
0.310040 -0.129502
0.310540 -0.118681
0.311040 -0.107860
0.311540 -0.097040
0.312040 -0.086219
0.312540 -0.075398
0.313040 -0.064577
0.313540 -0.053757
0.314040 -0.042936
0.314540 -0.032115
0.315040 -0.021294
0.315540 -0.010474
0.316040 0.000347
0.316540 0.011168
0.317040 0.021989
0.317540 0.032809
0.318040 0.043630
0.318540 0.054451
0.319040 0.065272
0.319540 0.076092
0.320041 0.086913
0.320541 0.097734
0.321041 0.108555
0.321541 0.119376
0.322041 0.130196
0.322541 0.141017
0.323041 0.151838
0.323541 0.162659
0.324041 0.173479
0.324541 0.184300
0.325041 0.195121
0.325541 0.205942
0.326041 0.216762
0.326541 0.227583
0.327041 0.238404
0.327541 0.249225
0.328041 0.260045
0.328541 0.270866
0.329041 0.281687
0.329541 0.292508
0.330042 0.303328
0.330542 0.314149
0.331042 0.324970
0.331542 0.335791
0.332042 0.346612
0.332542 0.357432
0.333042 0.368253
0.333542 0.379074
0.334042 0.389895
0.334542 0.400715
