0.000000 0.523599
0.000500 0.523599
0.001000 0.523599
0.001500 0.523599
0.002000 0.523599
0.002500 0.523599
0.003000 0.523599
0.003500 0.523599
0.004000 0.523599
0.004501 0.523599
0.005001 0.523599
0.005501 0.523599
0.006001 0.523599
0.006501 0.523599
0.007001 0.523599
0.007501 0.523599
0.008001 0.523599
0.008501 0.523599
0.009001 0.523599
0.009501 0.523599
0.010001 0.523599
0.010501 0.523599
0.011001 0.523599
0.011501 0.523599
0.012002 0.523599
0.012502 0.523599
0.013002 0.523599
0.013502 0.523599
0.014002 0.523599
0.014502 0.523599
0.015002 0.523599
0.015502 0.523599
0.016002 0.523599
0.016502 0.523599
0.017002 0.523599
0.017502 0.523599
0.018002 0.523599
0.018502 0.523599
0.019002 0.523599
0.019503 0.523599
0.020003 0.523599
0.020503 0.523599
0.021003 0.523599
0.021503 0.523599
0.022003 0.523599
0.022503 0.523599
0.023003 0.523599
0.023503 0.523599
0.024003 0.523599
0.024503 0.523599
0.025003 0.523599
0.025503 0.523599
0.026003 0.523599
0.026503 0.523599
0.027004 0.523599
0.027504 0.523599
0.028004 0.523599
0.028504 0.523599
0.029004 0.523599
0.029504 0.523599
0.030004 0.523599
0.030504 0.523599
0.031004 0.523599
0.031504 0.523599
0.032004 0.523599
0.032504 0.523599
0.033004 0.523599
0.033504 0.523599
0.034005 0.523599
0.034505 0.523599
0.035005 0.523599
0.035505 0.523599
0.036005 0.523599
0.036505 0.523599
0.037005 0.523599
0.037505 0.523599
0.038005 0.523599
0.038505 0.523599
0.039005 0.523599
0.039505 0.523599
0.040005 0.523599
0.040505 0.523599
0.041005 0.523599
0.041506 0.523599
0.042006 0.523599
0.042506 0.523599
0.043006 0.523599
0.043506 0.523599
0.044006 0.523599
0.044506 0.523599
0.045006 0.523599
0.045506 0.523599
0.046006 0.523599
0.046506 0.523599
0.047006 0.523599
0.047506 0.523599
0.048006 0.523599
0.048506 0.523599
0.049007 0.523599
0.049507 0.523599
0.050007 0.523599
0.050507 0.523599
0.051007 0.523599
0.051507 0.523599
0.052007 0.523599
0.052507 0.523599
0.053007 0.523599
0.053507 0.523599
0.054007 0.523599
0.054507 0.523599
0.055007 0.523599
0.055507 0.523599
0.056007 0.523599
0.056508 0.523599
0.057008 0.523599
0.057508 0.523599
0.058008 0.523599
0.058508 0.523599
0.059008 0.523599
0.059508 0.523599
0.060008 0.523599
0.060508 0.523599
0.061008 0.523599
0.061508 0.523599
0.062008 0.523599
0.062508 0.523599
0.063008 0.523599
0.063508 0.523599
0.064009 0.523599
0.064509 0.523599
0.065009 0.523599
0.065509 0.523599
0.066009 0.523599
0.066509 0.523599
0.067009 0.523599
0.067509 0.523599
0.068009 0.523599
0.068509 0.523599
0.069009 0.523599
0.069509 0.523599
0.070009 0.523599
0.070509 0.523599
0.071009 0.523599
0.071510 0.523599
0.072010 0.523599
0.072510 0.523599
0.073010 0.523599
0.073510 0.523599
0.074010 0.523599
0.074510 0.523599
0.075010 0.523599
0.075510 0.523599
0.076010 0.523599
0.076510 0.523599
0.077010 0.523599
0.077510 0.523599
0.078010 0.523599
0.078510 0.523599
0.079011 0.523599
0.079511 0.523599
0.080011 0.523599
0.080511 0.523599
0.081011 0.523599
0.081511 0.523599
0.082011 0.523599
0.082511 0.523599
0.083011 0.523599
0.083511 0.523599
0.084011 0.523599
0.084511 0.523599
0.085011 0.523599
0.085511 0.523599
0.086011 0.523599
0.086512 0.523599
0.087012 0.523599
0.087512 0.523599
0.088012 0.523599
0.088512 0.523599
0.089012 0.523599
0.089512 0.523599
0.090012 0.523599
0.090512 0.523599
0.091012 0.523599
0.091512 0.523599
0.092012 0.523599
0.092512 0.523599
0.093012 0.523599
0.093512 0.523599
0.094013 0.523599
0.094513 0.523599
0.095013 0.523599
0.095513 0.523599
0.096013 0.523599
0.096513 0.523599
0.097013 0.523599
0.097513 0.523599
0.098013 0.523599
0.098513 0.523599
0.099013 0.523599
0.099513 0.523599
0.100013 0.523599
0.100513 0.523599
0.101013 0.523599
0.101514 0.523599
0.102014 0.523599
0.102514 0.523599
0.103014 0.523599
0.103514 0.523599
0.104014 0.523599
0.104514 0.523599
0.105014 0.523599
0.105514 0.523599
0.106014 0.523599
0.106514 0.523599
0.107014 0.523599
0.107514 0.523599
0.108014 0.523599
0.108514 0.523599
0.109015 0.523599
0.109515 0.523599
0.110015 0.523599
0.110515 0.523599
0.111015 0.523599
0.111515 0.523599
0.112015 0.523599
0.112515 0.523599
0.113015 0.523599
0.113515 0.523599
0.114015 0.523599
0.114515 0.523599
0.115015 0.523599
0.115515 0.523599
0.116015 0.523599
0.116516 0.523599
0.117016 0.523599
0.117516 0.523599
0.118016 0.523599
0.118516 0.523599
0.119016 0.523599
0.119516 0.523599
0.120016 0.523599
0.120516 0.523599
0.121016 0.523599
0.121516 0.523599
0.122016 0.523599
0.122516 0.523599
0.123016 0.523599
0.123516 0.523599
0.124017 0.523599
0.124517 0.523599
0.125017 0.523599
0.125517 0.523599
0.126017 0.523599
0.126517 0.523599
0.127017 0.523599
0.127517 0.523599
0.128017 0.523599
0.128517 0.523599
0.129017 0.523599
0.129517 0.523599
0.130017 0.523599
0.130517 0.523599
0.131017 0.523599
0.131518 0.523599
0.132018 0.523599
0.132518 0.523599
0.133018 0.523599
0.133518 0.523599
0.134018 0.523599
0.134518 0.523599
0.135018 0.523599
0.135518 0.523599
0.136018 0.523599
0.136518 0.523599
0.137018 0.523599
0.137518 0.523599
0.138018 0.523599
0.138518 0.523599
0.139019 0.523599
0.139519 0.523599
0.140019 0.523599
0.140519 0.523599
0.141019 0.523599
0.141519 0.523599
0.142019 0.523599
0.142519 0.523599
0.143019 0.523599
0.143519 0.523599
0.144019 0.523599
0.144519 0.523599
0.145019 0.523599
0.145519 0.523599
0.146019 0.523599
0.146520 0.523599
0.147020 0.523599
0.147520 0.523599
0.148020 0.523599
0.148520 0.523599
0.149020 0.523599
0.149520 0.523599
0.150020 0.523599
0.150520 0.523599
0.151020 0.523599
0.151520 0.523599
0.152020 0.523599
0.152520 0.523599
0.153020 0.523599
0.153520 0.523599
0.154021 0.523599
0.154521 0.523599
0.155021 0.523599
0.155521 0.523599
0.156021 0.523599
0.156521 0.523599
0.157021 0.523599
0.157521 0.523599
0.158021 0.523599
0.158521 0.523599
0.159021 0.523599
0.159521 0.523599
0.160021 0.523599
0.160521 0.523599
0.161021 0.523599
0.161522 0.523599
0.162022 0.523599
0.162522 0.523599
0.163022 0.523599
0.163522 0.523599
0.164022 0.523599
0.164522 0.523599
0.165022 0.523599
0.165522 0.523599
0.166022 0.523599
0.166522 0.523599
0.167022 0.523599
0.167522 0.523599
0.168022 0.523599
0.168522 0.523599
0.169023 0.523599
0.169523 0.523599
0.170023 0.523599
0.170523 0.523599
0.171023 0.523599
0.171523 0.523599
0.172023 0.523599
0.172523 0.523599
0.173023 0.523599
0.173523 0.523599
0.174023 0.523599
0.174523 0.523599
0.175023 0.523599
0.175523 0.523599
0.176023 0.523599
0.176524 0.523599
0.177024 0.523599
0.177524 0.523599
0.178024 0.523599
0.178524 0.523599
0.179024 0.523599
0.179524 0.523599
0.180024 0.523599
0.180524 0.523599
0.181024 0.523599
0.181524 0.523599
0.182024 0.523599
0.182524 0.523599
0.183024 0.523599
0.183524 0.523599
0.184025 0.523599
0.184525 0.523599
0.185025 0.523599
0.185525 0.523599
0.186025 0.523599
0.186525 0.523599
0.187025 0.523599
0.187525 0.523599
0.188025 0.523599
0.188525 0.523599
0.189025 0.523599
0.189525 0.514459
0.190025 0.507768
0.190526 0.501077
0.191026 0.494387
0.191526 0.487696
0.192026 0.481005
0.192526 0.474315
0.193026 0.467624
0.193526 0.460933
0.194026 0.454243
0.194526 0.447552
0.195026 0.440861
0.195526 0.434306
0.196026 0.427750
0.196526 0.421195
0.197026 0.414639
0.197527 0.408084
0.198027 0.401528
0.198527 0.394973
0.199027 0.388417
0.199527 0.381861
0.200027 0.375306
0.200527 0.368750
0.201027 0.362195
0.201527 0.355639
0.202027 0.349084
0.202527 0.342528
0.203027 0.336068
0.203527 0.329607
0.204027 0.323147
0.204527 0.316686
0.205028 0.310226
0.205528 0.303765
0.206028 0.297305
0.206528 0.290844
0.207028 0.284384
0.207528 0.277923
0.208028 0.271463
0.208528 0.265002
0.209028 0.258542
0.209528 0.252081
0.210028 0.245621
0.210528 0.239160
0.211028 0.232700
0.211528 0.226239
0.212028 0.219779
0.212529 0.213318
0.213029 0.206858
0.213529 0.200482
0.214029 0.194107
0.214529 0.187732
0.215029 0.181357
0.215529 0.174981
0.216029 0.168606
0.216529 0.162231
0.217029 0.155856
0.217529 0.149480
0.218029 0.143105
0.218529 0.136730
0.219029 0.130355
0.219529 0.123979
0.220030 0.117604
0.220530 0.111229
0.221030 0.104854
0.221530 0.098478
0.222030 0.092103
0.222530 0.085728
0.223030 0.079353
0.223530 0.072977
0.224030 0.066602
0.224530 0.060227
0.225030 0.053852
0.225530 0.047476
0.226030 0.041101
0.226530 0.034726
0.227030 0.028351
0.227531 0.021975
0.228031 0.015600
0.228531 0.009225
0.229031 0.002850
0.229531 -0.003526
0.230031 -0.009901
0.230531 -0.016276
0.231031 -0.022651
0.231531 -0.029027
0.232031 -0.035402
0.232531 -0.041777
0.233031 -0.048152
0.233531 -0.054528
0.234031 -0.060903
0.234531 -0.067278
0.235032 -0.073653
0.235532 -0.080029
0.236032 -0.086404
0.236532 -0.092779
0.237032 -0.099154
0.237532 -0.105530
0.238032 -0.111905
0.238532 -0.118280
0.239032 -0.124655
0.239532 -0.131031
0.240032 -0.137406
0.240532 -0.143781
0.241032 -0.150156
0.241532 -0.156532
0.242032 -0.162907
0.242533 -0.169282
0.243033 -0.175657
0.243533 -0.182032
0.244033 -0.188408
0.244533 -0.194783
0.245033 -0.201158
0.245533 -0.207533
0.246033 -0.213909
0.246533 -0.220284
0.247033 -0.226659
0.247533 -0.233034
