0.000000 0.000000
0.000500 0.000000
0.001000 0.000000
0.001500 0.000000
0.002000 0.000000
0.002500 0.000000
0.003000 0.000000
0.003500 0.000000
0.004000 0.000000
0.004501 0.000000
0.005001 0.000000
0.005501 0.000000
0.006001 0.000000
0.006501 0.000000
0.007001 0.000000
0.007501 0.000000
0.008001 0.000000
0.008501 0.000000
0.009001 0.000000
0.009501 0.000000
0.010001 0.000000
0.010501 0.000000
0.011001 0.000000
0.011501 0.000000
0.012002 0.000000
0.012502 0.000000
0.013002 0.000000
0.013502 0.000000
0.014002 0.000000
0.014502 0.000000
0.015002 0.000000
0.015502 0.000000
0.016002 0.000000
0.016502 0.000000
0.017002 0.000000
0.017502 0.000000
0.018002 0.000000
0.018502 0.000000
0.019002 0.000000
0.019503 0.000000
0.020003 0.000000
0.020503 0.000000
0.021003 0.000000
0.021503 0.000000
0.022003 0.000000
0.022503 0.000000
0.023003 0.000000
0.023503 0.000000
0.024003 0.000000
0.024503 0.000000
0.025003 0.000000
0.025503 0.000000
0.026003 0.000000
0.026503 0.000000
0.027004 0.000000
0.027504 0.000000
0.028004 0.000000
0.028504 0.000000
0.029004 0.000000
0.029504 0.000000
0.030004 0.000000
0.030504 0.000000
0.031004 0.000000
0.031504 0.000000
0.032004 0.000000
0.032504 0.000000
0.033004 0.000000
0.033504 0.000000
0.034005 0.000000
0.034505 0.000000
0.035005 0.000000
0.035505 0.000000
0.036005 0.000000
0.036505 0.000000
0.037005 0.000000
0.037505 0.000000
0.038005 0.000000
0.038505 0.000000
0.039005 0.000000
0.039505 0.000000
0.040005 0.000000
0.040505 0.000000
0.041005 0.000000
0.041506 0.000000
0.042006 0.000000
0.042506 0.000000
0.043006 0.000000
0.043506 0.000000
0.044006 0.000000
0.044506 0.000000
0.045006 0.000000
0.045506 0.000000
0.046006 0.000000
0.046506 0.000000
0.047006 0.000000
0.047506 0.000000
0.048006 0.000000
0.048506 0.000000
0.049007 0.000000
0.049507 0.000000
0.050007 0.000000
0.050507 0.000000
0.051007 0.000000
0.051507 0.000000
0.052007 0.000000
0.052507 0.000000
0.053007 0.000000
0.053507 0.000000
0.054007 0.000000
0.054507 0.000000
0.055007 0.000000
0.055507 0.000000
0.056007 0.000000
0.056508 0.000000
0.057008 0.000000
0.057508 0.000000
0.058008 0.000000
0.058508 0.000000
0.059008 0.000000
0.059508 0.000000
0.060008 0.000000
0.060508 0.000000
0.061008 0.000000
0.061508 0.000000
0.062008 0.000000
0.062508 0.000000
0.063008 0.000000
0.063508 0.000000
0.064009 0.000000
0.064509 0.000000
0.065009 0.000000
0.065509 0.000000
0.066009 0.000000
0.066509 0.000000
0.067009 0.000000
0.067509 0.000000
0.068009 0.000000
0.068509 0.000000
0.069009 0.000000
0.069509 0.000000
0.070009 0.000000
0.070509 0.000000
0.071009 0.000000
0.071510 0.000000
0.072010 0.000000
0.072510 0.000000
0.073010 0.000000
0.073510 0.000000
0.074010 0.000000
0.074510 0.000000
0.075010 0.000000
0.075510 0.000000
0.076010 0.000000
0.076510 0.000000
0.077010 0.000000
0.077510 0.000000
0.078010 0.000000
0.078510 0.000000
0.079011 0.000000
0.079511 0.000000
0.080011 0.000000
0.080511 0.000000
0.081011 0.000000
0.081511 0.000000
0.082011 0.000000
0.082511 0.000000
0.083011 0.000000
0.083511 0.000000
0.084011 0.000000
0.084511 0.000000
0.085011 0.000000
0.085511 0.000000
0.086011 0.000000
0.086512 0.000000
0.087012 0.000000
0.087512 0.000000
0.088012 0.000000
0.088512 0.000000
0.089012 0.000000
0.089512 0.000000
0.090012 0.000000
0.090512 0.000000
0.091012 0.000000
0.091512 0.000000
0.092012 0.000000
0.092512 0.000000
0.093012 0.000000
0.093512 0.000000
0.094013 0.000000
0.094513 0.000000
0.095013 0.000000
0.095513 0.000000
0.096013 0.000000
0.096513 0.000000
0.097013 0.000000
0.097513 0.000000
0.098013 0.000000
0.098513 0.000000
0.099013 0.000000
0.099513 0.000000
0.100013 0.000000
0.100513 0.000000
0.101013 0.000000
0.101514 0.000000
0.102014 0.000000
0.102514 0.000000
0.103014 0.000000
0.103514 0.000000
0.104014 0.000000
0.104514 0.000000
0.105014 0.000000
0.105514 0.000000
0.106014 0.000000
0.106514 0.000000
0.107014 0.000000
0.107514 0.000000
0.108014 0.000000
0.108514 0.000000
0.109015 0.000000
0.109515 0.000000
0.110015 0.000000
0.110515 0.000000
0.111015 0.000000
0.111515 0.000000
0.112015 0.000000
0.112515 0.000000
0.113015 0.000000
0.113515 0.000000
0.114015 0.000000
0.114515 0.000000
0.115015 0.000000
0.115515 0.000000
0.116015 0.000000
0.116516 0.000000
0.117016 0.000000
0.117516 0.000000
0.118016 0.000000
0.118516 0.000000
0.119016 0.000000
0.119516 0.000000
0.120016 0.000000
0.120516 0.000000
0.121016 0.000000
0.121516 0.000000
0.122016 0.000000
0.122516 0.000000
0.123016 0.000000
0.123516 0.000000
0.124017 0.000000
0.124517 0.000000
0.125017 0.000000
0.125517 0.000000
0.126017 0.000000
0.126517 0.000000
0.127017 0.000000
0.127517 0.000000
0.128017 0.000000
0.128517 0.000000
0.129017 0.000000
0.129517 0.000000
0.130017 0.000000
0.130517 0.000000
0.131017 0.000000
0.131518 0.000000
0.132018 0.000000
0.132518 0.000000
0.133018 0.000000
0.133518 0.000000
0.134018 0.000000
0.134518 0.000000
0.135018 0.000000
0.135518 0.000000
0.136018 0.000000
0.136518 0.000000
0.137018 0.000000
0.137518 0.000000
0.138018 0.000000
0.138518 0.000000
0.139019 0.000000
0.139519 0.000000
0.140019 0.000000
0.140519 0.000000
0.141019 0.000000
0.141519 0.000000
0.142019 0.000000
0.142519 0.000000
0.143019 0.000000
0.143519 0.000000
0.144019 0.000000
0.144519 0.000000
0.145019 0.000000
0.145519 0.000000
0.146019 0.000000
0.146520 0.000000
0.147020 0.000000
0.147520 0.000000
0.148020 0.000000
0.148520 0.000000
0.149020 0.000000
0.149520 0.000000
0.150020 0.000000
0.150520 0.000000
0.151020 0.000000
0.151520 0.000000
0.152020 0.000000
0.152520 0.000000
0.153020 0.000000
0.153520 0.000000
0.154021 0.000000
0.154521 0.000000
0.155021 0.000000
0.155521 0.000000
0.156021 0.000000
0.156521 0.000000
0.157021 0.000000
0.157521 0.000000
0.158021 0.000000
0.158521 0.000000
0.159021 0.000000
0.159521 0.000000
0.160021 0.000000
0.160521 0.000000
0.161021 0.000000
0.161522 0.000000
0.162022 0.000000
0.162522 0.000000
0.163022 0.000000
0.163522 0.000000
0.164022 0.000000
0.164522 0.000000
0.165022 0.000000
0.165522 0.000000
0.166022 0.000000
0.166522 0.000000
0.167022 0.000000
0.167522 0.000000
0.168022 0.000000
0.168522 0.000000
0.169023 0.000000
0.169523 0.000000
0.170023 0.000000
0.170523 0.000000
0.171023 0.000000
0.171523 0.000000
0.172023 0.000000
0.172523 0.000000
0.173023 0.000000
0.173523 0.000000
0.174023 0.000000
0.174523 0.000000
0.175023 0.000000
0.175523 0.000000
0.176023 0.000000
0.176524 0.000000
0.177024 0.000000
0.177524 0.000000
0.178024 0.000000
0.178524 0.000000
0.179024 0.000000
0.179524 0.000000
0.180024 0.000000
0.180524 0.000000
0.181024 0.000000
0.181524 0.000000
0.182024 0.000000
0.182524 0.000000
0.183024 0.000000
0.183524 0.000000
0.184025 0.000000
0.184525 0.000000
0.185025 0.000000
0.185525 0.000000
0.186025 0.000000
0.186525 0.000000
0.187025 0.000000
0.187525 0.000000
0.188025 0.000000
0.188525 0.000000
0.189025 0.000000
0.189525 0.000000
0.190025 -0.000001
0.190526 -0.000001
0.191026 -0.000002
0.191526 -0.000003
0.192026 -0.000004
0.192526 -0.000004
0.193026 -0.000005
0.193526 -0.000006
0.194026 -0.000007
0.194526 -0.000007
0.195026 -0.000008
0.195526 -0.000009
0.196026 -0.000010
0.196526 -0.000011
0.197026 -0.000012
0.197527 -0.000013
0.198027 -0.000015
0.198527 -0.000016
0.199027 -0.000017
0.199527 -0.000018
0.200027 -0.000019
0.200527 -0.000020
0.201027 -0.000021
0.201527 -0.000022
0.202027 -0.000023
0.202527 -0.000024
0.203027 -0.000026
0.203527 -0.000027
0.204027 -0.000029
0.204527 -0.000030
0.205028 -0.000032
0.205528 -0.000034
0.206028 -0.000035
0.206528 -0.000037
0.207028 -0.000038
0.207528 -0.000040
0.208028 -0.000041
0.208528 -0.000043
0.209028 -0.000044
0.209528 -0.000046
0.210028 -0.000048
0.210528 -0.000049
0.211028 -0.000051
0.211528 -0.000052
0.212028 -0.000054
0.212529 -0.000055
0.213029 -0.000057
0.213529 -0.000059
0.214029 -0.000061
0.214529 -0.000063
0.215029 -0.000066
0.215529 -0.000068
0.216029 -0.000070
0.216529 -0.000072
0.217029 -0.000074
0.217529 -0.000076
0.218029 -0.000079
0.218529 -0.000081
0.219029 -0.000083
0.219529 -0.000085
0.220030 -0.000087
0.220530 -0.000089
0.221030 -0.000092
0.221530 -0.000094
0.222030 -0.000096
0.222530 -0.000098
0.223030 -0.000100
0.223530 -0.000102
0.224030 -0.000105
0.224530 -0.000107
0.225030 -0.000109
0.225530 -0.000111
0.226030 -0.000113
0.226530 -0.000116
0.227030 -0.000118
0.227531 -0.000120
0.228031 -0.000122
0.228531 -0.000124
0.229031 -0.000126
0.229531 -0.000129
0.230031 -0.000131
0.230531 -0.000133
0.231031 -0.000135
0.231531 -0.000137
0.232031 -0.000139
0.232531 -0.000142
0.233031 -0.000144
0.233531 -0.000146
0.234031 -0.000148
0.234531 -0.000150
0.235032 -0.000152
0.235532 -0.000155
0.236032 -0.000157
0.236532 -0.000159
0.237032 -0.000161
0.237532 -0.000163
0.238032 -0.000166
0.238532 -0.000168
0.239032 -0.000170
0.239532 -0.000172
0.240032 -0.000174
0.240532 -0.000176
0.241032 -0.000179
0.241532 -0.000181
0.242032 -0.000183
0.242533 -0.000185
0.243033 -0.000187
0.243533 -0.000189
0.244033 -0.000192
0.244533 -0.000194
0.245033 -0.000196
0.245533 -0.000198
0.246033 -0.000200
0.246533 -0.000202
0.247033 -0.000205
0.247533 -0.000207
