0.000000 0.250000
0.000500 0.249998
0.001000 0.249993
0.001500 0.249985
0.002000 0.249975
0.002500 0.249963
0.003000 0.249948
0.003500 0.249931
0.004000 0.249912
0.004501 0.249890
0.005001 0.249865
0.005501 0.249838
0.006001 0.249809
0.006501 0.249777
0.007001 0.249742
0.007501 0.249706
0.008001 0.249666
0.008501 0.249625
0.009001 0.249581
0.009501 0.249534
0.010001 0.249485
0.010501 0.249433
0.011001 0.249380
0.011501 0.249323
0.012002 0.249264
0.012502 0.249203
0.013002 0.249139
0.013502 0.249073
0.014002 0.249004
0.014502 0.248933
0.015002 0.248860
0.015502 0.248784
0.016002 0.248705
0.016502 0.248624
0.017002 0.248541
0.017502 0.248455
0.018002 0.248367
0.018502 0.248276
0.019002 0.248183
0.019503 0.248087
0.020003 0.247989
0.020503 0.247888
0.021003 0.247785
0.021503 0.247680
0.022003 0.247572
0.022503 0.247462
0.023003 0.247349
0.023503 0.247234
0.024003 0.247116
0.024503 0.246996
0.025003 0.246873
0.025503 0.246748
0.026003 0.246620
0.026503 0.246490
0.027004 0.246358
0.027504 0.246223
0.028004 0.246086
0.028504 0.245946
0.029004 0.245804
0.029504 0.245659
0.030004 0.245512
0.030504 0.245362
0.031004 0.245210
0.031504 0.245056
0.032004 0.244899
0.032504 0.244739
0.033004 0.244578
0.033504 0.244413
0.034005 0.244246
0.034505 0.244077
0.035005 0.243906
0.035505 0.243731
0.036005 0.243555
0.036505 0.243376
0.037005 0.243194
0.037505 0.243010
0.038005 0.242824
0.038505 0.242635
0.039005 0.242444
0.039505 0.242250
0.040005 0.242054
0.040505 0.241855
0.041005 0.241654
0.041506 0.241451
0.042006 0.241245
0.042506 0.241036
0.043006 0.240825
0.043506 0.240612
0.044006 0.240396
0.044506 0.240178
0.045006 0.239957
0.045506 0.239734
0.046006 0.239508
0.046506 0.239280
0.047006 0.239050
0.047506 0.238817
0.048006 0.238581
0.048506 0.238343
0.049007 0.238103
0.049507 0.237860
0.050007 0.237615
0.050507 0.237367
0.051007 0.237117
0.051507 0.236864
0.052007 0.236609
0.052507 0.236352
0.053007 0.236092
0.053507 0.235829
0.054007 0.235565
0.054507 0.235297
0.055007 0.235027
0.055507 0.234755
0.056007 0.234481
0.056508 0.234203
0.057008 0.233924
0.057508 0.233642
0.058008 0.233357
0.058508 0.233070
0.059008 0.232781
0.059508 0.232489
0.060008 0.232195
0.060508 0.231898
0.061008 0.231599
0.061508 0.231297
0.062008 0.230993
0.062508 0.230687
0.063008 0.230378
0.063508 0.230066
0.064009 0.229752
0.064509 0.229436
0.065009 0.229117
0.065509 0.228796
0.066009 0.228472
0.066509 0.228146
0.067009 0.227817
0.067509 0.227486
0.068009 0.227153
0.068509 0.226817
0.069009 0.226478
0.069509 0.226137
0.070009 0.225794
0.070509 0.225448
0.071009 0.225100
0.071510 0.224749
0.072010 0.224396
0.072510 0.224040
0.073010 0.223682
0.073510 0.223322
0.074010 0.222959
0.074510 0.222593
0.075010 0.222225
0.075510 0.221855
0.076010 0.221482
0.076510 0.221107
0.077010 0.220729
0.077510 0.220349
0.078010 0.219967
0.078510 0.219582
0.079011 0.219194
0.079511 0.218804
0.080011 0.218412
0.080511 0.218017
0.081011 0.217620
0.081511 0.217220
0.082011 0.216818
0.082511 0.216413
0.083011 0.216006
0.083511 0.215596
0.084011 0.215184
0.084511 0.214770
0.085011 0.214353
0.085511 0.213934
0.086011 0.213512
0.086512 0.213087
0.087012 0.212661
0.087512 0.212232
0.088012 0.211800
0.088512 0.211366
0.089012 0.210929
0.089512 0.210490
0.090012 0.210049
0.090512 0.209605
0.091012 0.209159
0.091512 0.208710
0.092012 0.208258
0.092512 0.207805
0.093012 0.207349
0.093512 0.206890
0.094013 0.206429
0.094513 0.205965
0.095013 0.205499
0.095513 0.205031
0.096013 0.204560
0.096513 0.204087
0.097013 0.203611
0.097513 0.203133
0.098013 0.202652
0.098513 0.202169
0.099013 0.201683
0.099513 0.201195
0.100013 0.200705
0.100513 0.200212
0.101013 0.199716
0.101514 0.199219
0.102014 0.198718
0.102514 0.198215
0.103014 0.197710
0.103514 0.197203
0.104014 0.196692
0.104514 0.196180
0.105014 0.195665
0.105514 0.195147
0.106014 0.194627
0.106514 0.194105
0.107014 0.193580
0.107514 0.193053
0.108014 0.192523
0.108514 0.191991
0.109015 0.191456
0.109515 0.190919
0.110015 0.190380
0.110515 0.189838
0.111015 0.189293
0.111515 0.188746
0.112015 0.188197
0.112515 0.187645
0.113015 0.187091
0.113515 0.186534
0.114015 0.185975
0.114515 0.185413
0.115015 0.184849
0.115515 0.184283
0.116015 0.183714
0.116516 0.183142
0.117016 0.182569
0.117516 0.181992
0.118016 0.181413
0.118516 0.180832
0.119016 0.180248
0.119516 0.179662
0.120016 0.179074
0.120516 0.178483
0.121016 0.177889
0.121516 0.177293
0.122016 0.176695
0.122516 0.176094
0.123016 0.175491
0.123516 0.174885
0.124017 0.174277
0.124517 0.173666
0.125017 0.173053
0.125517 0.172437
0.126017 0.171819
0.126517 0.171199
0.127017 0.170576
0.127517 0.169950
0.128017 0.169323
0.128517 0.168692
0.129017 0.168060
0.129517 0.167424
0.130017 0.166787
0.130517 0.166147
0.131017 0.165504
0.131518 0.164859
0.132018 0.164212
0.132518 0.163562
0.133018 0.162909
0.133518 0.162254
0.134018 0.161597
0.134518 0.160937
0.135018 0.160275
0.135518 0.159611
0.136018 0.158944
0.136518 0.158274
0.137018 0.157602
0.137518 0.156928
0.138018 0.156251
0.138518 0.155571
0.139019 0.154890
0.139519 0.154205
0.140019 0.153519
0.140519 0.152829
0.141019 0.152138
0.141519 0.151444
0.142019 0.150747
0.142519 0.150048
0.143019 0.149347
0.143519 0.148643
0.144019 0.147937
0.144519 0.147228
0.145019 0.146517
0.145519 0.145803
0.146019 0.145087
0.146520 0.144368
0.147020 0.143647
0.147520 0.142924
0.148020 0.142198
0.148520 0.141470
0.149020 0.140739
0.149520 0.140005
0.150020 0.139270
0.150520 0.138531
0.151020 0.137791
0.151520 0.137048
0.152020 0.136302
0.152520 0.135554
0.153020 0.134804
0.153520 0.134051
0.154021 0.133295
0.154521 0.132538
0.155021 0.131777
0.155521 0.131015
0.156021 0.130249
0.156521 0.129482
0.157021 0.128712
0.157521 0.127939
0.158021 0.127164
0.158521 0.126387
0.159021 0.125607
0.159521 0.124824
0.160021 0.124040
0.160521 0.123252
0.161021 0.122463
0.161522 0.121670
0.162022 0.120876
0.162522 0.120079
0.163022 0.119279
0.163522 0.118477
0.164022 0.117673
0.164522 0.116866
0.165022 0.116057
0.165522 0.115245
0.166022 0.114431
0.166522 0.113614
0.167022 0.112795
0.167522 0.111973
0.168022 0.111149
0.168522 0.110323
0.169023 0.109494
0.169523 0.108662
0.170023 0.107829
0.170523 0.106992
0.171023 0.106154
0.171523 0.105312
0.172023 0.104469
0.172523 0.103623
0.173023 0.102774
0.173523 0.101923
0.174023 0.101069
0.174523 0.100214
0.175023 0.099355
0.175523 0.098494
0.176023 0.097631
0.176524 0.096765
0.177024 0.095897
0.177524 0.095027
0.178024 0.094153
0.178524 0.093278
0.179024 0.092400
0.179524 0.091519
0.180024 0.090637
0.180524 0.089751
0.181024 0.088863
0.181524 0.087973
0.182024 0.087080
0.182524 0.086185
0.183024 0.085288
0.183524 0.084388
0.184025 0.083485
0.184525 0.082580
0.185025 0.081673
0.185525 0.080763
0.186025 0.079850
0.186525 0.078936
0.187025 0.078018
0.187525 0.077099
0.188025 0.076177
0.188525 0.075252
0.189025 0.074325
0.189525 0.073923
0.190025 0.073694
0.190526 0.073463
0.191026 0.073229
0.191526 0.072993
0.192026 0.072755
0.192526 0.072514
0.193026 0.072270
0.193526 0.072024
0.194026 0.071776
0.194526 0.071525
0.195026 0.071271
0.195526 0.071025
0.196026 0.070776
0.196526 0.070524
0.197026 0.070270
0.197527 0.070014
0.198027 0.069755
0.198527 0.069494
0.199027 0.069230
0.199527 0.068964
0.200027 0.068695
0.200527 0.068424
0.201027 0.068150
0.201527 0.067874
0.202027 0.067596
0.202527 0.067315
0.203027 0.067037
0.203527 0.066758
0.204027 0.066475
0.204527 0.066191
0.205028 0.065904
0.205528 0.065614
0.206028 0.065322
0.206528 0.065028
0.207028 0.064731
0.207528 0.064432
0.208028 0.064130
0.208528 0.063826
0.209028 0.063519
0.209528 0.063210
0.210028 0.062898
0.210528 0.062584
0.211028 0.062268
0.211528 0.061949
0.212028 0.061627
0.212529 0.061303
0.213029 0.060977
0.213529 0.060654
0.214029 0.060328
0.214529 0.059999
0.215029 0.059669
0.215529 0.059335
0.216029 0.059000
0.216529 0.058661
0.217029 0.058321
0.217529 0.057978
0.218029 0.057632
0.218529 0.057284
0.219029 0.056934
0.219529 0.056581
0.220030 0.056226
0.220530 0.055868
0.221030 0.055508
0.221530 0.055145
0.222030 0.054780
0.222530 0.054412
0.223030 0.054042
0.223530 0.053670
0.224030 0.053295
0.224530 0.052917
0.225030 0.052537
0.225530 0.052155
0.226030 0.051770
0.226530 0.051383
0.227030 0.050993
0.227531 0.050601
0.228031 0.050207
0.228531 0.049810
0.229031 0.049410
0.229531 0.049008
0.230031 0.048604
0.230531 0.048197
0.231031 0.047788
0.231531 0.047376
0.232031 0.046962
0.232531 0.046545
0.233031 0.046126
0.233531 0.045704
0.234031 0.045280
0.234531 0.044854
0.235032 0.044425
0.235532 0.043994
0.236032 0.043560
0.236532 0.043124
0.237032 0.042685
0.237532 0.042244
0.238032 0.041800
0.238532 0.041354
0.239032 0.040906
0.239532 0.040455
0.240032 0.040001
0.240532 0.039545
0.241032 0.039087
0.241532 0.038626
0.242032 0.038163
0.242533 0.037697
0.243033 0.037229
0.243533 0.036758
0.244033 0.036285
0.244533 0.035810
0.245033 0.035332
0.245533 0.034851
0.246033 0.034369
0.246533 0.033883
0.247033 0.033395
0.247533 0.032905
