0.000000 0.500000
0.000500 0.499998
0.001000 0.499993
0.001500 0.499985
0.002000 0.499975
0.002500 0.499963
0.003000 0.499948
0.003500 0.499931
0.004000 0.499912
0.004501 0.499890
0.005001 0.499865
0.005501 0.499838
0.006001 0.499809
0.006501 0.499777
0.007001 0.499742
0.007501 0.499706
0.008001 0.499666
0.008501 0.499625
0.009001 0.499581
0.009501 0.499534
0.010001 0.499485
0.010501 0.499433
0.011001 0.499380
0.011501 0.499323
0.012002 0.499264
0.012502 0.499203
0.013002 0.499139
0.013502 0.499073
0.014002 0.499004
0.014502 0.498933
0.015002 0.498860
0.015502 0.498784
0.016002 0.498705
0.016502 0.498624
0.017002 0.498541
0.017502 0.498455
0.018002 0.498367
0.018502 0.498276
0.019002 0.498183
0.019503 0.498087
0.020003 0.497989
0.020503 0.497888
0.021003 0.497785
0.021503 0.497680
0.022003 0.497572
0.022503 0.497462
0.023003 0.497349
0.023503 0.497234
0.024003 0.497116
0.024503 0.496996
0.025003 0.496873
0.025503 0.496748
0.026003 0.496620
0.026503 0.496490
0.027004 0.496358
0.027504 0.496223
0.028004 0.496086
0.028504 0.495946
0.029004 0.495804
0.029504 0.495659
0.030004 0.495512
0.030504 0.495362
0.031004 0.495210
0.031504 0.495056
0.032004 0.494899
0.032504 0.494739
0.033004 0.494578
0.033504 0.494413
0.034005 0.494246
0.034505 0.494077
0.035005 0.493906
0.035505 0.493731
0.036005 0.493555
0.036505 0.493376
0.037005 0.493194
0.037505 0.493010
0.038005 0.492824
0.038505 0.492635
0.039005 0.492444
0.039505 0.492250
0.040005 0.492054
0.040505 0.491855
0.041005 0.491654
0.041506 0.491451
0.042006 0.491245
0.042506 0.491036
0.043006 0.490825
0.043506 0.490612
0.044006 0.490396
0.044506 0.490178
0.045006 0.489957
0.045506 0.489734
0.046006 0.489508
0.046506 0.489280
0.047006 0.489050
0.047506 0.488817
0.048006 0.488581
0.048506 0.488343
0.049007 0.488103
0.049507 0.487860
0.050007 0.487615
0.050507 0.487367
0.051007 0.487117
0.051507 0.486864
0.052007 0.486609
0.052507 0.486352
0.053007 0.486092
0.053507 0.485829
0.054007 0.485565
0.054507 0.485297
0.055007 0.485027
0.055507 0.484755
0.056007 0.484481
0.056508 0.484203
0.057008 0.483924
0.057508 0.483642
0.058008 0.483357
0.058508 0.483070
0.059008 0.482781
0.059508 0.482489
0.060008 0.482195
0.060508 0.481898
0.061008 0.481599
0.061508 0.481297
0.062008 0.480993
0.062508 0.480687
0.063008 0.480378
0.063508 0.480066
0.064009 0.479752
0.064509 0.479436
0.065009 0.479117
0.065509 0.478796
0.066009 0.478472
0.066509 0.478146
0.067009 0.477817
0.067509 0.477486
0.068009 0.477153
0.068509 0.476817
0.069009 0.476478
0.069509 0.476137
0.070009 0.475794
0.070509 0.475448
0.071009 0.475100
0.071510 0.474749
0.072010 0.474396
0.072510 0.474040
0.073010 0.473682
0.073510 0.473322
0.074010 0.472959
0.074510 0.472593
0.075010 0.472225
0.075510 0.471855
0.076010 0.471482
0.076510 0.471107
0.077010 0.470729
0.077510 0.470349
0.078010 0.469967
0.078510 0.469582
0.079011 0.469194
0.079511 0.468804
0.080011 0.468412
0.080511 0.468017
0.081011 0.467620
0.081511 0.467220
0.082011 0.466818
0.082511 0.466413
0.083011 0.466006
0.083511 0.465596
0.084011 0.465184
0.084511 0.464770
0.085011 0.464353
0.085511 0.463934
0.086011 0.463512
0.086512 0.463087
0.087012 0.462661
0.087512 0.462231
0.088012 0.461800
0.088512 0.461366
0.089012 0.460929
0.089512 0.460490
0.090012 0.460049
0.090512 0.459605
0.091012 0.459159
0.091512 0.458710
0.092012 0.458258
0.092512 0.457805
0.093012 0.457349
0.093512 0.456890
0.094013 0.456429
0.094513 0.455965
0.095013 0.455499
0.095513 0.455031
0.096013 0.454560
0.096513 0.454087
0.097013 0.453611
0.097513 0.453133
0.098013 0.452652
0.098513 0.452169
0.099013 0.451683
0.099513 0.451195
0.100013 0.450705
0.100513 0.450212
0.101013 0.449716
0.101514 0.449219
0.102014 0.448718
0.102514 0.448215
0.103014 0.447710
0.103514 0.447203
0.104014 0.446692
0.104514 0.446180
0.105014 0.445665
0.105514 0.445147
0.106014 0.444627
0.106514 0.444105
0.107014 0.443580
0.107514 0.443053
0.108014 0.442523
0.108514 0.441991
0.109015 0.441456
0.109515 0.440919
0.110015 0.440380
0.110515 0.439838
0.111015 0.439293
0.111515 0.438746
0.112015 0.438197
0.112515 0.437645
0.113015 0.437091
0.113515 0.436534
0.114015 0.435975
0.114515 0.435413
0.115015 0.434849
0.115515 0.434283
0.116015 0.433714
0.116516 0.433142
0.117016 0.432569
0.117516 0.431992
0.118016 0.431413
0.118516 0.430832
0.119016 0.430248
0.119516 0.429662
0.120016 0.429074
0.120516 0.428483
0.121016 0.427889
0.121516 0.427293
0.122016 0.426695
0.122516 0.426094
0.123016 0.425491
0.123516 0.424885
0.124017 0.424277
0.124517 0.423666
0.125017 0.423053
0.125517 0.422437
0.126017 0.421819
0.126517 0.421199
0.127017 0.420576
0.127517 0.419950
0.128017 0.419323
0.128517 0.418692
0.129017 0.418060
0.129517 0.417424
0.130017 0.416787
0.130517 0.416147
0.131017 0.415504
0.131518 0.414859
0.132018 0.414212
0.132518 0.413562
0.133018 0.412909
0.133518 0.412254
0.134018 0.411597
0.134518 0.410937
0.135018 0.410275
0.135518 0.409611
0.136018 0.408944
0.136518 0.408274
0.137018 0.407602
0.137518 0.406928
0.138018 0.406251
0.138518 0.405571
0.139019 0.404890
0.139519 0.404205
0.140019 0.403519
0.140519 0.402829
0.141019 0.402138
0.141519 0.401444
0.142019 0.400747
0.142519 0.400048
0.143019 0.399347
0.143519 0.398643
0.144019 0.397937
0.144519 0.397228
0.145019 0.396517
0.145519 0.395803
0.146019 0.395087
0.146520 0.394368
0.147020 0.393647
0.147520 0.392924
0.148020 0.392198
0.148520 0.391470
0.149020 0.390739
0.149520 0.390005
0.150020 0.389270
0.150520 0.388531
0.151020 0.387791
0.151520 0.387048
0.152020 0.386302
0.152520 0.385554
0.153020 0.384804
0.153520 0.384051
0.154021 0.383295
0.154521 0.382538
0.155021 0.381777
0.155521 0.381015
0.156021 0.380249
0.156521 0.379482
0.157021 0.378712
0.157521 0.377939
0.158021 0.377164
0.158521 0.376387
0.159021 0.375607
0.159521 0.374824
0.160021 0.374040
0.160521 0.373252
0.161021 0.372463
0.161522 0.371670
0.162022 0.370876
0.162522 0.370079
0.163022 0.369279
0.163522 0.368477
0.164022 0.367673
0.164522 0.366866
0.165022 0.366057
0.165522 0.365245
0.166022 0.364431
0.166522 0.363614
0.167022 0.362795
0.167522 0.361973
0.168022 0.361149
0.168522 0.360323
0.169023 0.359494
0.169523 0.358662
0.170023 0.357829
0.170523 0.356992
0.171023 0.356154
0.171523 0.355312
0.172023 0.354469
0.172523 0.353623
0.173023 0.352774
0.173523 0.351923
0.174023 0.351069
0.174523 0.350214
0.175023 0.349355
0.175523 0.348494
0.176023 0.347631
0.176524 0.346765
0.177024 0.345897
0.177524 0.345027
0.178024 0.344153
0.178524 0.343278
0.179024 0.342400
0.179524 0.341519
0.180024 0.340637
0.180524 0.339751
0.181024 0.338863
0.181524 0.337973
0.182024 0.337080
0.182524 0.336185
0.183024 0.335288
0.183524 0.334388
0.184025 0.333485
0.184525 0.332580
0.185025 0.331673
0.185525 0.330763
0.186025 0.329850
0.186525 0.328936
0.187025 0.328018
0.187525 0.327099
0.188025 0.326177
0.188525 0.325252
0.189025 0.324325
0.189525 0.323395
0.190025 0.322288
0.190526 0.321353
0.191026 0.320416
0.191526 0.319509
0.192026 0.318599
0.192526 0.317687
0.193026 0.316772
0.193526 0.315855
0.194026 0.314935
0.194526 0.314013
0.195026 0.313088
0.195526 0.312152
0.196026 0.311214
0.196526 0.310272
0.197026 0.309329
0.197527 0.308383
0.198027 0.307434
0.198527 0.306483
0.199027 0.305530
0.199527 0.304574
0.200027 0.303616
0.200527 0.302655
0.201027 0.301692
0.201527 0.300726
0.202027 0.299758
0.202527 0.298788
0.203027 0.297809
0.203527 0.296827
0.204027 0.295843
0.204527 0.294857
0.205028 0.293868
0.205528 0.292876
0.206028 0.291882
0.206528 0.290886
0.207028 0.289887
0.207528 0.288886
0.208028 0.287882
0.208528 0.286876
0.209028 0.285868
0.209528 0.284857
0.210028 0.283843
0.210528 0.282827
0.211028 0.281809
0.211528 0.280788
0.212028 0.279765
0.212529 0.278739
0.213029 0.277711
0.213529 0.276675
0.214029 0.275637
0.214529 0.274596
0.215029 0.273552
0.215529 0.272507
0.216029 0.271458
0.216529 0.270408
0.217029 0.269355
0.217529 0.268299
0.218029 0.267241
0.218529 0.266181
0.219029 0.265118
0.219529 0.264052
0.220030 0.262985
0.220530 0.261914
0.221030 0.260841
0.221530 0.259766
0.222030 0.258689
0.222530 0.257609
0.223030 0.256526
0.223530 0.255441
0.224030 0.254354
0.224530 0.253264
0.225030 0.252171
0.225530 0.251076
0.226030 0.249979
0.226530 0.248880
0.227030 0.247777
0.227531 0.246673
0.228031 0.245566
0.228531 0.244456
0.229031 0.243344
0.229531 0.242230
0.230031 0.241113
0.230531 0.239994
0.231031 0.238872
0.231531 0.237747
0.232031 0.236621
0.232531 0.235492
0.233031 0.234360
0.233531 0.233226
0.234031 0.232090
0.234531 0.230951
0.235032 0.229809
0.235532 0.228665
0.236032 0.227519
0.236532 0.226370
0.237032 0.225219
0.237532 0.224065
0.238032 0.222909
0.238532 0.221751
0.239032 0.220590
0.239532 0.219426
0.240032 0.218260
0.240532 0.217092
0.241032 0.215921
0.241532 0.214748
0.242032 0.213572
0.242533 0.212394
0.243033 0.211213
0.243533 0.210030
0.244033 0.208844
0.244533 0.207656
0.245033 0.206466
0.245533 0.205273
0.246033 0.204078
0.246533 0.202880
0.247033 0.201680
0.247533 0.200477
0.248033 0.199272
0.248533 0.198064
0.249033 0.196854
0.249533 0.195642
0.250033 0.194427
0.250533 0.193209
0.251033 0.191989
0.251534 0.190767
0.252034 0.189542
0.252534 0.188315
0.253034 0.187085
0.253534 0.185853
0.254034 0.184618
0.254534 0.183381
0.255034 0.182142
0.255534 0.180900
0.256034 0.179655
0.256534 0.178409
0.257034 0.177159
0.257534 0.175908
0.258034 0.174653
0.258534 0.173397
0.259034 0.172137
0.259534 0.170876
0.260034 0.169612
0.260534 0.168345
0.261034 0.167076
0.261535 0.165805
0.262035 0.164531
0.262535 0.163255
0.263035 0.161976
0.263535 0.160695
0.264035 0.159411
0.264535 0.158125
0.265035 0.156837
0.265535 0.155546
0.266035 0.154252
0.266535 0.152956
0.267035 0.151658
0.267535 0.150357
0.268035 0.149054
0.268535 0.147748
0.269035 0.146440
0.269535 0.145129
0.270035 0.143816
0.270535 0.142501
0.271035 0.141183
0.271536 0.139862
0.272036 0.138539
0.272536 0.137214
0.273036 0.135886
0.273536 0.134556
0.274036 0.133223
0.274536 0.131888
0.275036 0.130551
0.275536 0.129210
0.276036 0.127868
0.276536 0.126523
0.277036 0.125176
0.277536 0.123826
0.278036 0.122473
0.278536 0.121119
0.279036 0.119761
0.279536 0.118402
0.280036 0.117040
0.280536 0.115675
0.281036 0.114308
0.281537 0.112938
0.282037 0.111567
0.282537 0.110192
0.283037 0.108815
0.283537 0.107436
0.284037 0.106054
0.284537 0.104670
0.285037 0.103283
0.285537 0.101894
0.286037 0.100503
0.286537 0.099109
0.287037 0.097712
0.287537 0.096313
0.288037 0.094912
0.288537 0.093508
0.289037 0.092102
0.289537 0.090693
0.290037 0.090245
0.290538 0.089794
0.291038 0.089341
0.291538 0.088886
0.292038 0.088428
0.292538 0.087967
0.293038 0.087504
0.293538 0.087039
0.294038 0.086571
0.294538 0.086101
0.295038 0.085628
0.295538 0.085153
0.296038 0.084675
0.296538 0.084195
0.297038 0.083713
0.297538 0.083228
0.298038 0.082740
0.298538 0.082251
0.299038 0.081758
0.299538 0.081263
0.300039 0.080766
0.300539 0.080267
0.301039 0.079764
0.301539 0.079260
0.302039 0.078997
0.302539 0.078732
0.303039 0.078464
0.303539 0.078194
0.304039 0.077922
0.304539 0.077647
0.305039 0.077370
0.305539 0.077090
0.306039 0.076808
0.306539 0.076523
0.307039 0.076236
0.307539 0.075946
0.308039 0.075654
0.308539 0.075360
0.309039 0.075063
0.309539 0.074763
0.310040 0.074461
0.310540 0.074157
0.311040 0.073850
0.311540 0.073541
0.312040 0.073229
0.312540 0.072915
0.313040 0.072598
0.313540 0.072279
0.314040 0.071958
0.314540 0.071634
0.315040 0.071307
0.315540 0.070979
0.316040 0.070647
0.316540 0.070314
0.317040 0.069977
0.317540 0.069639
0.318040 0.069298
0.318540 0.068954
0.319040 0.068608
0.319540 0.068259
0.320041 0.067908
0.320541 0.067555
0.321041 0.067199
0.321541 0.066841
0.322041 0.066480
0.322541 0.066117
0.323041 0.065751
0.323541 0.065383
0.324041 0.065013
0.324541 0.064640
0.325041 0.064264
0.325541 0.063886
0.326041 0.063506
0.326541 0.063123
0.327041 0.062738
0.327541 0.062350
0.328041 0.061960
0.328541 0.061567
0.329041 0.061172
0.329541 0.060775
0.330042 0.060375
0.330542 0.059972
0.331042 0.059567
0.331542 0.059160
0.332042 0.058750
0.332542 0.058338
0.333042 0.057923
0.333542 0.057506
0.334042 0.057087
0.334542 0.056664
