0.000000 0.750000
0.000500 0.749998
0.001000 0.749993
0.001500 0.749985
0.002000 0.749975
0.002500 0.749963
0.003000 0.749948
0.003500 0.749931
0.004000 0.749912
0.004501 0.749890
0.005001 0.749865
0.005501 0.749838
0.006001 0.749809
0.006501 0.749777
0.007001 0.749742
0.007501 0.749706
0.008001 0.749666
0.008501 0.749625
0.009001 0.749581
0.009501 0.749534
0.010001 0.749485
0.010501 0.749433
0.011001 0.749380
0.011501 0.749323
0.012002 0.749264
0.012502 0.749203
0.013002 0.749139
0.013502 0.749073
0.014002 0.749004
0.014502 0.748933
0.015002 0.748860
0.015502 0.748784
0.016002 0.748705
0.016502 0.748624
0.017002 0.748541
0.017502 0.748455
0.018002 0.748367
0.018502 0.748276
0.019002 0.748183
0.019503 0.748087
0.020003 0.747989
0.020503 0.747888
0.021003 0.747785
0.021503 0.747680
0.022003 0.747572
0.022503 0.747462
0.023003 0.747349
0.023503 0.747234
0.024003 0.747116
0.024503 0.746996
0.025003 0.746873
0.025503 0.746748
0.026003 0.746620
0.026503 0.746490
0.027004 0.746358
0.027504 0.746223
0.028004 0.746086
0.028504 0.745946
0.029004 0.745804
0.029504 0.745659
0.030004 0.745512
0.030504 0.745362
0.031004 0.745210
0.031504 0.745056
0.032004 0.744899
0.032504 0.744739
0.033004 0.744578
0.033504 0.744413
0.034005 0.744246
0.034505 0.744077
0.035005 0.743906
0.035505 0.743731
0.036005 0.743555
0.036505 0.743376
0.037005 0.743194
0.037505 0.743010
0.038005 0.742824
0.038505 0.742635
0.039005 0.742444
0.039505 0.742250
0.040005 0.742054
0.040505 0.741855
0.041005 0.741654
0.041506 0.741451
0.042006 0.741245
0.042506 0.741036
0.043006 0.740825
0.043506 0.740612
0.044006 0.740396
0.044506 0.740178
0.045006 0.739957
0.045506 0.739734
0.046006 0.739508
0.046506 0.739280
0.047006 0.739050
0.047506 0.738817
0.048006 0.738581
0.048506 0.738343
0.049007 0.738103
0.049507 0.737860
0.050007 0.737615
0.050507 0.737367
0.051007 0.737117
0.051507 0.736864
0.052007 0.736609
0.052507 0.736352
0.053007 0.736092
0.053507 0.735829
0.054007 0.735565
0.054507 0.735297
0.055007 0.735027
0.055507 0.734755
0.056007 0.734481
0.056508 0.734203
0.057008 0.733924
0.057508 0.733642
0.058008 0.733357
0.058508 0.733070
0.059008 0.732781
0.059508 0.732489
0.060008 0.732195
0.060508 0.731898
0.061008 0.731599
0.061508 0.731297
0.062008 0.730993
0.062508 0.730687
0.063008 0.730378
0.063508 0.730066
0.064009 0.729752
0.064509 0.729436
0.065009 0.729117
0.065509 0.728796
0.066009 0.728472
0.066509 0.728146
0.067009 0.727817
0.067509 0.727486
0.068009 0.727153
0.068509 0.726817
0.069009 0.726478
0.069509 0.726137
0.070009 0.725794
0.070509 0.725448
0.071009 0.725100
0.071510 0.724749
0.072010 0.724396
0.072510 0.724040
0.073010 0.723682
0.073510 0.723322
0.074010 0.722959
0.074510 0.722593
0.075010 0.722225
0.075510 0.721855
0.076010 0.721482
0.076510 0.721107
0.077010 0.720729
0.077510 0.720349
0.078010 0.719967
0.078510 0.719582
0.079011 0.719194
0.079511 0.718804
0.080011 0.718412
0.080511 0.718017
0.081011 0.717620
0.081511 0.717220
0.082011 0.716818
0.082511 0.716413
0.083011 0.716006
0.083511 0.715596
0.084011 0.715184
0.084511 0.714770
0.085011 0.714353
0.085511 0.713934
0.086011 0.713512
0.086512 0.713087
0.087012 0.712661
0.087512 0.712231
0.088012 0.711800
0.088512 0.711366
0.089012 0.710929
0.089512 0.710490
0.090012 0.710049
0.090512 0.709605
0.091012 0.709159
0.091512 0.708710
0.092012 0.708258
0.092512 0.707805
0.093012 0.707349
0.093512 0.706890
0.094013 0.706429
0.094513 0.705965
0.095013 0.705499
0.095513 0.705031
0.096013 0.704560
0.096513 0.704087
0.097013 0.703611
0.097513 0.703133
0.098013 0.702652
0.098513 0.702169
0.099013 0.701683
0.099513 0.701195
0.100013 0.700705
0.100513 0.700212
0.101013 0.699716
0.101514 0.699219
0.102014 0.698718
0.102514 0.698215
0.103014 0.697710
0.103514 0.697203
0.104014 0.696692
0.104514 0.696180
0.105014 0.695665
0.105514 0.695147
0.106014 0.694627
0.106514 0.694105
0.107014 0.693580
0.107514 0.693053
0.108014 0.692523
0.108514 0.691991
0.109015 0.691456
0.109515 0.690919
0.110015 0.690380
0.110515 0.689838
0.111015 0.689293
0.111515 0.688746
0.112015 0.688197
0.112515 0.687645
0.113015 0.687091
0.113515 0.686534
0.114015 0.685975
0.114515 0.685413
0.115015 0.684849
0.115515 0.684283
0.116015 0.683714
0.116516 0.683142
0.117016 0.682569
0.117516 0.681992
0.118016 0.681413
0.118516 0.680832
0.119016 0.680248
0.119516 0.679662
0.120016 0.679074
0.120516 0.678483
0.121016 0.677889
0.121516 0.677293
0.122016 0.676695
0.122516 0.676094
0.123016 0.675491
0.123516 0.674885
0.124017 0.674277
0.124517 0.673666
0.125017 0.673053
0.125517 0.672437
0.126017 0.671819
0.126517 0.671199
0.127017 0.670576
0.127517 0.669950
0.128017 0.669323
0.128517 0.668692
0.129017 0.668060
0.129517 0.667424
0.130017 0.666787
0.130517 0.666147
0.131017 0.665504
0.131518 0.664859
0.132018 0.664212
0.132518 0.663562
0.133018 0.662909
0.133518 0.662254
0.134018 0.661597
0.134518 0.660937
0.135018 0.660275
0.135518 0.659611
0.136018 0.658944
0.136518 0.658274
0.137018 0.657602
0.137518 0.656928
0.138018 0.656251
0.138518 0.655571
0.139019 0.654890
0.139519 0.654205
0.140019 0.653519
0.140519 0.652829
0.141019 0.652138
0.141519 0.651444
0.142019 0.650747
0.142519 0.650048
0.143019 0.649347
0.143519 0.648643
0.144019 0.647937
0.144519 0.647228
0.145019 0.646517
0.145519 0.645803
0.146019 0.645087
0.146520 0.644368
0.147020 0.643647
0.147520 0.642924
0.148020 0.642198
0.148520 0.641470
0.149020 0.640739
0.149520 0.640005
0.150020 0.639270
0.150520 0.638531
0.151020 0.637791
0.151520 0.637048
0.152020 0.636302
0.152520 0.635554
0.153020 0.634804
0.153520 0.634051
0.154021 0.633295
0.154521 0.632538
0.155021 0.631777
0.155521 0.631015
0.156021 0.630249
0.156521 0.629482
0.157021 0.628712
0.157521 0.627939
0.158021 0.627164
0.158521 0.626387
0.159021 0.625607
0.159521 0.624824
0.160021 0.624040
0.160521 0.623252
0.161021 0.622463
0.161522 0.621670
0.162022 0.620876
0.162522 0.620079
0.163022 0.619279
0.163522 0.618477
0.164022 0.617673
0.164522 0.616866
0.165022 0.616057
0.165522 0.615245
0.166022 0.614431
0.166522 0.613614
0.167022 0.612795
0.167522 0.611973
0.168022 0.611149
0.168522 0.610323
0.169023 0.609494
0.169523 0.608662
0.170023 0.607829
0.170523 0.606992
0.171023 0.606154
0.171523 0.605312
0.172023 0.604469
0.172523 0.603623
0.173023 0.602774
0.173523 0.601923
0.174023 0.601069
0.174523 0.600214
0.175023 0.599355
0.175523 0.598494
0.176023 0.597631
0.176524 0.596765
0.177024 0.595897
0.177524 0.595027
0.178024 0.594153
0.178524 0.593278
0.179024 0.592400
0.179524 0.591519
0.180024 0.590637
0.180524 0.589751
0.181024 0.588863
0.181524 0.587973
0.182024 0.587080
0.182524 0.586185
0.183024 0.585288
0.183524 0.584388
0.184025 0.583485
0.184525 0.582580
0.185025 0.581673
0.185525 0.580763
0.186025 0.579850
0.186525 0.578936
0.187025 0.578018
0.187525 0.577099
0.188025 0.576177
0.188525 0.575252
0.189025 0.574325
0.189525 0.573395
0.190025 0.572464
0.190526 0.571354
0.191026 0.570242
0.191526 0.569095
0.192026 0.567946
0.192526 0.566795
0.193026 0.565641
0.193526 0.564484
0.194026 0.563325
0.194526 0.562164
0.195026 0.561000
0.195526 0.559834
0.196026 0.558665
0.196526 0.557494
0.197026 0.556320
0.197527 0.555144
0.198027 0.553966
0.198527 0.552785
0.199027 0.551601
0.199527 0.550415
0.200027 0.549227
0.200527 0.548036
0.201027 0.546843
0.201527 0.545647
0.202027 0.544449
0.202527 0.543249
0.203027 0.542046
0.203527 0.540840
0.204027 0.539632
0.204527 0.538422
0.205028 0.537209
0.205528 0.535994
0.206028 0.534776
0.206528 0.533556
0.207028 0.532333
0.207528 0.531108
0.208028 0.529880
0.208528 0.528650
0.209028 0.527418
0.209528 0.526183
0.210028 0.524945
0.210528 0.523706
0.211028 0.522463
0.211528 0.521219
0.212028 0.519971
0.212529 0.518722
0.213029 0.517470
0.213529 0.516215
0.214029 0.514958
0.214529 0.513699
0.215029 0.512437
0.215529 0.511172
0.216029 0.509906
0.216529 0.508636
0.217029 0.507365
0.217529 0.506090
0.218029 0.504814
0.218529 0.503535
0.219029 0.502253
0.219529 0.500969
0.220030 0.499683
0.220530 0.498394
0.221030 0.497103
0.221530 0.495809
0.222030 0.494513
0.222530 0.493214
0.223030 0.491913
0.223530 0.490609
0.224030 0.489303
0.224530 0.487995
0.225030 0.486684
0.225530 0.485370
0.226030 0.484054
0.226530 0.482736
0.227030 0.481415
0.227531 0.480092
0.228031 0.478766
0.228531 0.477438
0.229031 0.476108
0.229531 0.474775
0.230031 0.473439
0.230531 0.472101
0.231031 0.470761
0.231531 0.469418
0.232031 0.468073
0.232531 0.466725
0.233031 0.465375
0.233531 0.464022
0.234031 0.462667
0.234531 0.461310
0.235032 0.459950
0.235532 0.458587
0.236032 0.457222
0.236532 0.455855
0.237032 0.454485
0.237532 0.453113
0.238032 0.451738
0.238532 0.450361
0.239032 0.448981
0.239532 0.447599
0.240032 0.446215
0.240532 0.444828
0.241032 0.443438
0.241532 0.442046
0.242032 0.440652
0.242533 0.439255
0.243033 0.437856
0.243533 0.436454
0.244033 0.435050
0.244533 0.433643
0.245033 0.432234
0.245533 0.430823
0.246033 0.429409
0.246533 0.427992
0.247033 0.426574
0.247533 0.425152
0.248033 0.423729
0.248533 0.422302
0.249033 0.420874
0.249533 0.419442
0.250033 0.418009
0.250533 0.416573
0.251033 0.415134
0.251534 0.413693
0.252034 0.412250
0.252534 0.410804
0.253034 0.409356
0.253534 0.407905
0.254034 0.406452
0.254534 0.404996
0.255034 0.403538
0.255534 0.402078
0.256034 0.400615
0.256534 0.399149
0.257034 0.397681
0.257534 0.396211
0.258034 0.394738
0.258534 0.393263
0.259034 0.391785
0.259534 0.390305
0.260034 0.388822
0.260534 0.387337
0.261034 0.385850
0.261535 0.384360
0.262035 0.382867
0.262535 0.381372
0.263035 0.379875
0.263535 0.378375
0.264035 0.376873
0.264535 0.375368
0.265035 0.373861
0.265535 0.372351
0.266035 0.370839
0.266535 0.369325
0.267035 0.367808
0.267535 0.366289
0.268035 0.364767
0.268535 0.363242
0.269035 0.361716
0.269535 0.360186
0.270035 0.358655
0.270535 0.357121
0.271035 0.355584
0.271536 0.354045
0.272036 0.352503
0.272536 0.350959
0.273036 0.349413
0.273536 0.347864
0.274036 0.346313
0.274536 0.344759
0.275036 0.343203
0.275536 0.341644
0.276036 0.340083
0.276536 0.338520
0.277036 0.336954
0.277536 0.335385
0.278036 0.333814
0.278536 0.332241
0.279036 0.330665
0.279536 0.329087
0.280036 0.327506
0.280536 0.325923
0.281036 0.324337
0.281537 0.322749
0.282037 0.321159
0.282537 0.319566
0.283037 0.317970
0.283537 0.316372
0.284037 0.314772
0.284537 0.313169
0.285037 0.311564
0.285537 0.309956
0.286037 0.308346
0.286537 0.306733
0.287037 0.305118
0.287537 0.303501
0.288037 0.301881
0.288537 0.300258
0.289037 0.298633
0.289537 0.297006
0.290037 0.295376
0.290538 0.293744
0.291038 0.292109
0.291538 0.290472
0.292038 0.288833
0.292538 0.287191
0.293038 0.285546
0.293538 0.283899
0.294038 0.282250
0.294538 0.280598
0.295038 0.278944
0.295538 0.277287
0.296038 0.275628
0.296538 0.273966
0.297038 0.272302
0.297538 0.270635
0.298038 0.268966
0.298538 0.267295
0.299038 0.265621
0.299538 0.263945
0.300039 0.262266
0.300539 0.260584
0.301039 0.258901
0.301539 0.257215
0.302039 0.255281
0.302539 0.253346
0.303039 0.251408
0.303539 0.249468
0.304039 0.247525
0.304539 0.245579
0.305039 0.243632
0.305539 0.241682
0.306039 0.239729
0.306539 0.237774
0.307039 0.235816
0.307539 0.233856
0.308039 0.231894
0.308539 0.229929
0.309039 0.227961
0.309539 0.225992
0.310040 0.224019
0.310540 0.222045
0.311040 0.220067
0.311540 0.218088
0.312040 0.216106
0.312540 0.214121
0.313040 0.212134
0.313540 0.210145
0.314040 0.208153
0.314540 0.206158
0.315040 0.204162
0.315540 0.202162
0.316040 0.200161
0.316540 0.198157
0.317040 0.196150
0.317540 0.194141
0.318040 0.192129
0.318540 0.190115
0.319040 0.188099
0.319540 0.186080
0.320041 0.184059
0.320541 0.182035
0.321041 0.180009
0.321541 0.177980
0.322041 0.175949
0.322541 0.173915
0.323041 0.171879
0.323541 0.169841
0.324041 0.167800
0.324541 0.165756
0.325041 0.163711
0.325541 0.161662
0.326041 0.159612
0.326541 0.157558
0.327041 0.155503
0.327541 0.153445
0.328041 0.151384
0.328541 0.149321
0.329041 0.147255
0.329541 0.145188
0.330042 0.143117
0.330542 0.141044
0.331042 0.138969
0.331542 0.136891
0.332042 0.134811
0.332542 0.132729
0.333042 0.130643
0.333542 0.128556
0.334042 0.126466
0.334542 0.124373
0.335042 0.122279
0.335542 0.120181
0.336042 0.118081
0.336542 0.115979
0.337042 0.113874
0.337542 0.111767
0.338042 0.109658
0.338542 0.107546
0.339042 0.105431
0.339542 0.103314
0.340042 0.101195
0.340542 0.099073
0.341042 0.096948
0.341542 0.094822
0.342042 0.092692
0.342542 0.090561
0.343042 0.088427
0.343542 0.086290
0.344042 0.084151
0.344542 0.082009
0.345042 0.079865
0.345542 0.077719
0.346042 0.075570
0.346542 0.073419
0.347042 0.071265
0.347542 0.069109
0.348042 0.066950
0.348542 0.064789
0.349042 0.062626
0.349542 0.060460
0.350042 0.058291
0.350542 0.056120
0.351042 0.053947
0.351542 0.051771
0.352042 0.049593
0.352542 0.047412
0.353042 0.045229
0.353542 0.043043
0.354042 0.040855
0.354542 0.039876
0.355042 0.038895
0.355542 0.037912
0.356042 0.036926
0.356542 0.035938
0.357042 0.034947
0.357542 0.033954
0.358042 0.032958
0.358542 0.031960
0.359042 0.030959
0.359542 0.029956
0.360042 0.028950
0.360542 0.027942
0.361042 0.026932
0.361542 0.025919
0.362042 0.024904
0.362542 0.023886
0.363042 0.022866
0.363542 0.021843
0.364042 0.020818
