0.000000 0.000000
0.000500 -0.004905
0.000500 -0.004905
0.001000 -0.009810
0.001500 -0.014715
0.002000 -0.019620
0.002000 -0.019620
0.002500 -0.024525
0.003000 -0.029430
0.003500 -0.034335
0.003500 -0.034335
0.004000 -0.039240
0.004501 -0.044145
0.005001 -0.049050
0.005001 -0.049050
0.005501 -0.053955
0.006001 -0.058860
0.006501 -0.063765
0.006501 -0.063765
0.007001 -0.068670
0.007501 -0.073575
0.008001 -0.078480
0.008001 -0.078480
0.008501 -0.083385
0.009001 -0.088290
0.009501 -0.093195
0.009501 -0.093195
0.010001 -0.098100
0.010501 -0.103005
0.011001 -0.107910
0.011001 -0.107910
0.011501 -0.112815
0.012002 -0.117720
0.012502 -0.122625
0.012502 -0.122625
0.013002 -0.127530
0.013502 -0.132435
0.014002 -0.137340
0.014002 -0.137340
0.014502 -0.142245
0.015002 -0.147150
0.015502 -0.152055
0.015502 -0.152055
0.016002 -0.156960
0.016502 -0.161865
0.017002 -0.166770
0.017002 -0.166770
0.017502 -0.171675
0.018002 -0.176580
0.018502 -0.181485
0.018502 -0.181485
0.019002 -0.186390
0.019503 -0.191295
0.020003 -0.196200
0.020003 -0.196200
0.020503 -0.201105
0.021003 -0.206010
0.021503 -0.210915
0.021503 -0.210915
0.022003 -0.215820
0.022503 -0.220725
0.023003 -0.225630
0.023003 -0.225630
0.023503 -0.230535
0.024003 -0.235440
0.024503 -0.240345
0.024503 -0.240345
0.025003 -0.245250
0.025503 -0.250155
0.026003 -0.255060
0.026003 -0.255060
0.026503 -0.259965
0.027004 -0.264870
0.027504 -0.269775
0.027504 -0.269775
0.028004 -0.274680
0.028504 -0.279585
0.029004 -0.284490
0.029004 -0.284490
0.029504 -0.289395
0.030004 -0.294300
0.030504 -0.299205
0.030504 -0.299205
0.031004 -0.304110
0.031504 -0.309015
0.032004 -0.313920
0.032004 -0.313920
0.032504 -0.318825
0.033004 -0.323730
0.033504 -0.328635
0.033505 -0.328635
0.034005 -0.333540
0.034505 -0.338445
0.035005 -0.343350
0.035005 -0.343350
0.035505 -0.348255
0.036005 -0.353160
0.036505 -0.358065
0.036505 -0.358065
0.037005 -0.362970
0.037505 -0.367875
0.038005 -0.372780
0.038005 -0.372780
0.038505 -0.377685
0.039005 -0.382590
0.039505 -0.387495
0.039505 -0.387495
0.040005 -0.392400
0.040505 -0.397305
0.041005 -0.402210
0.041006 -0.402210
0.041506 -0.407115
0.042006 -0.412020
0.042506 -0.416925
0.042506 -0.416925
0.043006 -0.421830
0.043506 -0.426735
0.044006 -0.431640
0.044006 -0.431640
0.044506 -0.436545
0.045006 -0.441450
0.045506 -0.446355
0.045506 -0.446355
0.046006 -0.451260
0.046506 -0.456165
0.047006 -0.461070
0.047006 -0.461070
0.047506 -0.465975
0.048006 -0.470880
0.048506 -0.475785
0.048507 -0.475785
0.049007 -0.480690
0.049507 -0.485595
0.050007 -0.490500
0.050007 -0.490500
0.050507 -0.495405
0.051007 -0.500310
0.051507 -0.505215
0.051507 -0.505215
0.052007 -0.510120
0.052507 -0.515025
0.053007 -0.519930
0.053007 -0.519930
0.053507 -0.524835
0.054007 -0.529740
0.054507 -0.534645
0.054507 -0.534645
0.055007 -0.539550
0.055507 -0.544455
0.056007 -0.549360
0.056008 -0.549360
0.056508 -0.554265
0.057008 -0.559170
0.057508 -0.564075
0.057508 -0.564075
0.058008 -0.568980
0.058508 -0.573885
0.059008 -0.578790
0.059008 -0.578790
0.059508 -0.583695
0.060008 -0.588600
0.060508 -0.593505
0.060508 -0.593505
0.061008 -0.598410
0.061508 -0.603315
0.062008 -0.608220
0.062008 -0.608220
0.062508 -0.613125
0.063008 -0.618030
0.063508 -0.622935
0.063509 -0.622935
0.064009 -0.627840
0.064509 -0.632745
0.065009 -0.637650
0.065009 -0.637650
0.065509 -0.642555
0.066009 -0.647460
0.066509 -0.652365
0.066509 -0.652365
0.067009 -0.657270
0.067509 -0.662175
0.068009 -0.667080
0.068009 -0.667080
0.068509 -0.671985
0.069009 -0.676890
0.069509 -0.681795
0.069509 -0.681795
0.070009 -0.686700
0.070509 -0.691605
0.071009 -0.696510
0.071010 -0.696510
0.071510 -0.701415
0.072010 -0.706320
0.072510 -0.711225
0.072510 -0.711225
0.073010 -0.716130
0.073510 -0.721035
0.074010 -0.725940
0.074010 -0.725940
0.074510 -0.730845
0.075010 -0.735750
0.075510 -0.740655
0.075510 -0.740655
0.076010 -0.745560
0.076510 -0.750465
0.077010 -0.755370
0.077010 -0.755370
0.077510 -0.760275
0.078010 -0.765180
0.078510 -0.770085
0.078511 -0.770085
0.079011 -0.774990
0.079511 -0.779895
0.080011 -0.784800
0.080011 -0.784800
0.080511 -0.789705
0.081011 -0.794610
0.081511 -0.799515
0.081511 -0.799515
0.082011 -0.804420
0.082511 -0.809325
0.083011 -0.814230
0.083011 -0.814230
0.083511 -0.819135
0.084011 -0.824040
0.084511 -0.828945
0.084511 -0.828945
0.085011 -0.833850
0.085511 -0.838755
0.086011 -0.843660
0.086012 -0.843660
0.086512 -0.848565
0.087012 -0.853470
0.087512 -0.858375
0.087512 -0.858375
0.088012 -0.863280
0.088512 -0.868185
0.089012 -0.873090
0.089012 -0.873090
0.089512 -0.877995
0.090012 -0.882900
0.090512 -0.887805
0.090512 -0.887805
0.091012 -0.892710
0.091512 -0.897615
0.092012 -0.902520
0.092012 -0.902520
0.092512 -0.907425
0.093012 -0.912330
0.093512 -0.917235
0.093513 -0.917235
0.094013 -0.922140
0.094513 -0.927045
0.095013 -0.931950
0.095013 -0.931950
0.095513 -0.936855
0.096013 -0.941760
0.096513 -0.946665
0.096513 -0.946665
0.097013 -0.951570
0.097513 -0.956475
0.098013 -0.961380
0.098013 -0.961380
0.098513 -0.966285
0.099013 -0.971190
0.099513 -0.976095
0.099513 -0.976095
0.100013 -0.981000
0.100513 -0.985905
0.101013 -0.990810
0.101014 -0.990810
0.101514 -0.995715
0.102014 -1.000620
0.102514 -1.005525
0.102514 -1.005525
0.103014 -1.010430
0.103514 -1.015335
0.104014 -1.020240
0.104014 -1.020240
0.104514 -1.025145
0.105014 -1.030050
0.105514 -1.034955
0.105514 -1.034955
0.106014 -1.039860
0.106514 -1.044765
0.107014 -1.049670
0.107014 -1.049670
0.107514 -1.054575
0.108014 -1.059480
0.108514 -1.064385
0.108515 -1.064385
0.109015 -1.069290
0.109515 -1.074195
0.110015 -1.079100
0.110015 -1.079100
0.110515 -1.084005
0.111015 -1.088910
0.111515 -1.093815
0.111515 -1.093815
0.112015 -1.098720
0.112515 -1.103625
0.113015 -1.108530
0.113015 -1.108530
0.113515 -1.113435
0.114015 -1.118340
0.114515 -1.123245
0.114515 -1.123245
0.115015 -1.128150
0.115515 -1.133055
0.116015 -1.137960
0.116016 -1.137960
0.116516 -1.142865
0.117016 -1.147770
0.117516 -1.152675
0.117516 -1.152675
0.118016 -1.157580
0.118516 -1.162485
0.119016 -1.167390
0.119016 -1.167390
0.119516 -1.172295
0.120016 -1.177200
0.120516 -1.182105
0.120516 -1.182105
0.121016 -1.187010
0.121516 -1.191915
0.122016 -1.196820
0.122016 -1.196820
0.122516 -1.201725
0.123016 -1.206630
0.123516 -1.211535
0.123517 -1.211535
0.124017 -1.216440
0.124517 -1.221345
0.125017 -1.226250
0.125017 -1.226250
0.125517 -1.231155
0.126017 -1.236060
0.126517 -1.240965
0.126517 -1.240965
0.127017 -1.245870
0.127517 -1.250775
0.128017 -1.255680
0.128017 -1.255680
0.128517 -1.260585
0.129017 -1.265490
0.129517 -1.270395
0.129517 -1.270395
0.130017 -1.275300
0.130517 -1.280205
0.131017 -1.285110
0.131018 -1.285110
0.131518 -1.290015
0.132018 -1.294920
0.132518 -1.299825
0.132518 -1.299825
0.133018 -1.304730
0.133518 -1.309635
0.134018 -1.314540
0.134018 -1.314540
0.134518 -1.319445
0.135018 -1.324350
0.135518 -1.329255
0.135518 -1.329255
0.136018 -1.334160
0.136518 -1.339065
0.137018 -1.343970
0.137018 -1.343970
0.137518 -1.348875
0.138018 -1.353780
0.138518 -1.358685
0.138519 -1.358685
0.139019 -1.363590
0.139519 -1.368495
0.140019 -1.373400
0.140019 -1.373400
0.140519 -1.378305
0.141019 -1.383210
0.141519 -1.388115
0.141519 -1.388115
0.142019 -1.393020
0.142519 -1.397925
0.143019 -1.402830
0.143019 -1.402830
0.143519 -1.407735
0.144019 -1.412640
0.144519 -1.417545
0.144519 -1.417545
0.145019 -1.422450
0.145519 -1.427355
0.146019 -1.432260
0.146020 -1.432260
0.146520 -1.437165
0.147020 -1.442070
0.147520 -1.446975
0.147520 -1.446975
0.148020 -1.451880
0.148520 -1.456785
0.149020 -1.461690
0.149020 -1.461690
0.149520 -1.466595
0.150020 -1.471500
0.150520 -1.476405
0.150520 -1.476405
0.151020 -1.481310
0.151520 -1.486215
0.152020 -1.491120
0.152020 -1.491120
0.152520 -1.496025
0.153020 -1.500930
0.153520 -1.505835
0.153521 -1.505835
0.154021 -1.510740
0.154521 -1.515645
0.155021 -1.520550
0.155021 -1.520550
0.155521 -1.525455
0.156021 -1.530360
0.156521 -1.535265
0.156521 -1.535265
0.157021 -1.540170
0.157521 -1.545075
0.158021 -1.549980
0.158021 -1.549980
0.158521 -1.554885
0.159021 -1.559790
0.159521 -1.564695
0.159521 -1.564695
0.160021 -1.569600
0.160521 -1.574505
0.161021 -1.579410
0.161022 -1.579410
0.161522 -1.584315
0.162022 -1.589220
0.162522 -1.594125
0.162522 -1.594125
0.163022 -1.599030
0.163522 -1.603935
0.164022 -1.608840
0.164022 -1.608840
0.164522 -1.613745
0.165022 -1.618650
0.165522 -1.623555
0.165522 -1.623555
0.166022 -1.628460
0.166522 -1.633365
0.167022 -1.638270
0.167022 -1.638270
0.167522 -1.643175
0.168022 -1.648080
0.168522 -1.652985
0.168523 -1.652985
0.169023 -1.657890
0.169523 -1.662795
0.170023 -1.667700
0.170023 -1.667700
0.170523 -1.672605
0.171023 -1.677510
0.171523 -1.682415
0.171523 -1.682415
0.172023 -1.687320
0.172523 -1.692225
0.173023 -1.697130
0.173023 -1.697130
0.173523 -1.702035
0.174023 -1.706940
0.174523 -1.711845
0.174523 -1.711845
0.175023 -1.716750
0.175523 -1.721655
0.176023 -1.726560
0.176024 -1.726560
0.176524 -1.731465
0.177024 -1.736370
0.177524 -1.741275
0.177524 -1.741275
0.178024 -1.746180
0.178524 -1.751085
0.179024 -1.755990
0.179024 -1.755990
0.179524 -1.760895
0.180024 -1.765800
0.180524 -1.770705
0.180524 -1.770705
0.181024 -1.775610
0.181524 -1.780515
0.182024 -1.785420
0.182024 -1.785420
0.182524 -1.790325
0.183024 -1.795230
0.183524 -1.800135
0.183525 -1.800135
0.184025 -1.805040
0.184525 -1.809945
0.185025 -1.814850
0.185025 -1.814850
0.185525 -1.819755
0.186025 -1.824660
0.186525 -1.829565
0.186525 -1.829565
0.187025 -1.834470
0.187525 -1.839375
0.188025 -1.844280
0.188025 -1.844280
0.188525 -1.849185
0.189025 -1.854090
0.189025 -0.798685
0.189525 -0.803590
0.189525 -0.452719
0.190025 -0.457624
0.190526 -0.462529
0.190526 -0.462529
0.191026 -0.467434
0.191526 -0.472339
0.192026 -0.477244
0.192026 -0.477244
0.192526 -0.482149
0.193026 -0.487054
0.193526 -0.491959
0.193526 -0.491959
0.194026 -0.496864
0.194526 -0.501769
0.195026 -0.506674
0.195026 -0.488322
0.195526 -0.493227
0.196026 -0.498132
0.196526 -0.503037
0.196526 -0.503037
0.197026 -0.507942
0.197527 -0.512847
0.198027 -0.517752
0.198027 -0.517752
0.198527 -0.522657
0.199027 -0.527562
0.199527 -0.532467
0.199527 -0.532467
0.200027 -0.537372
0.200527 -0.542277
0.201027 -0.547182
0.201027 -0.547182
0.201527 -0.552087
0.202027 -0.556992
0.202527 -0.561897
0.202527 -0.549624
0.203027 -0.554529
0.203527 -0.559434
0.204027 -0.564339
0.204027 -0.564339
0.204527 -0.569244
0.205028 -0.574149
0.205528 -0.579054
0.205528 -0.579054
0.206028 -0.583959
0.206528 -0.588864
0.207028 -0.593769
0.207028 -0.593769
0.207528 -0.598674
0.208028 -0.603579
0.208528 -0.608484
0.208528 -0.608484
0.209028 -0.613389
0.209528 -0.618294
0.210028 -0.623199
0.210028 -0.623199
0.210528 -0.628104
0.211028 -0.633009
0.211528 -0.637914
0.211528 -0.637914
0.212028 -0.642819
0.212529 -0.647724
0.213029 -0.652629
0.213029 -0.642000
0.213529 -0.646905
0.214029 -0.651810
0.214529 -0.656715
0.214529 -0.656715
0.215029 -0.661620
0.215529 -0.666525
0.216029 -0.671430
0.216029 -0.671430
0.216529 -0.676335
0.217029 -0.681240
0.217529 -0.686145
0.217529 -0.686145
0.218029 -0.691050
0.218529 -0.695955
0.219029 -0.700860
0.219029 -0.700860
0.219529 -0.705765
0.220030 -0.710670
0.220530 -0.715575
0.220530 -0.715575
0.221030 -0.720480
0.221530 -0.725385
0.222030 -0.730290
0.222030 -0.730290
0.222530 -0.735195
0.223030 -0.740100
0.223530 -0.745005
0.223530 -0.745005
0.224030 -0.749910
0.224530 -0.754815
0.225030 -0.759720
0.225030 -0.759720
0.225530 -0.764625
0.226030 -0.769530
0.226530 -0.774435
0.226530 -0.774435
0.227030 -0.779340
0.227531 -0.784245
0.228031 -0.789150
0.228031 -0.789150
0.228531 -0.794055
0.229031 -0.798960
0.229531 -0.803865
0.229531 -0.803865
0.230031 -0.808770
0.230531 -0.813675
0.231031 -0.818580
0.231031 -0.818580
0.231531 -0.823485
0.232031 -0.828390
0.232531 -0.833295
0.232531 -0.833295
0.233031 -0.838200
0.233531 -0.843105
0.234031 -0.848010
0.234031 -0.848010
0.234531 -0.852915
0.235032 -0.857820
0.235532 -0.862725
0.235532 -0.862725
0.236032 -0.867630
0.236532 -0.872535
0.237032 -0.877440
0.237032 -0.877440
0.237532 -0.882345
0.238032 -0.887250
0.238532 -0.892155
0.238532 -0.892155
0.239032 -0.897060
0.239532 -0.901965
0.240032 -0.906870
0.240032 -0.906870
0.240532 -0.911775
0.241032 -0.916680
0.241532 -0.921585
0.241532 -0.921585
0.242032 -0.926490
0.242533 -0.931395
0.243033 -0.936300
0.243033 -0.936300
0.243533 -0.941205
0.244033 -0.946110
0.244533 -0.951015
0.244533 -0.951015
0.245033 -0.955920
0.245533 -0.960825
0.246033 -0.965730
0.246033 -0.965730
0.246533 -0.970635
0.247033 -0.975540
0.247533 -0.980445
