0.000000 0.000000
0.000500 -0.004905
0.000500 -0.004905
0.001000 -0.009810
0.001000 -0.009810
0.001500 -0.014715
0.002000 -0.019620
0.002000 -0.019620
0.002500 -0.024525
0.002500 -0.024525
0.003000 -0.029430
0.003500 -0.034335
0.003500 -0.034335
0.004000 -0.039240
0.004001 -0.039240
0.004501 -0.044145
0.005001 -0.049050
0.005001 -0.049050
0.005501 -0.053955
0.005501 -0.053955
0.006001 -0.058860
0.006501 -0.063765
0.006501 -0.063765
0.007001 -0.068670
0.007001 -0.068670
0.007501 -0.073575
0.008001 -0.078480
0.008001 -0.078480
0.008501 -0.083385
0.008501 -0.083385
0.009001 -0.088290
0.009501 -0.093195
0.009501 -0.093195
0.010001 -0.098100
0.010001 -0.098100
0.010501 -0.103005
0.011001 -0.107910
0.011001 -0.107910
0.011501 -0.112815
0.011502 -0.112815
0.012002 -0.117720
0.012502 -0.122625
0.012502 -0.122625
0.013002 -0.127530
0.013002 -0.127530
0.013502 -0.132435
0.014002 -0.137340
0.014002 -0.137340
0.014502 -0.142245
0.014502 -0.142245
0.015002 -0.147150
0.015502 -0.152055
0.015502 -0.152055
0.016002 -0.156960
0.016002 -0.156960
0.016502 -0.161865
0.017002 -0.166770
0.017002 -0.166770
0.017502 -0.171675
0.017502 -0.171675
0.018002 -0.176580
0.018502 -0.181485
0.018502 -0.181485
0.019002 -0.186390
0.019003 -0.186390
0.019503 -0.191295
0.020003 -0.196200
0.020003 -0.196200
0.020503 -0.201105
0.020503 -0.201105
0.021003 -0.206010
0.021503 -0.210915
0.021503 -0.210915
0.022003 -0.215820
0.022003 -0.215820
0.022503 -0.220725
0.023003 -0.225630
0.023003 -0.225630
0.023503 -0.230535
0.023503 -0.230535
0.024003 -0.235440
0.024503 -0.240345
0.024503 -0.240345
0.025003 -0.245250
0.025003 -0.245250
0.025503 -0.250155
0.026003 -0.255060
0.026003 -0.255060
0.026503 -0.259965
0.026504 -0.259965
0.027004 -0.264870
0.027504 -0.269775
0.027504 -0.269775
0.028004 -0.274680
0.028004 -0.274680
0.028504 -0.279585
0.029004 -0.284490
0.029004 -0.284490
0.029504 -0.289395
0.029504 -0.289395
0.030004 -0.294300
0.030504 -0.299205
0.030504 -0.299205
0.031004 -0.304110
0.031004 -0.304110
0.031504 -0.309015
0.032004 -0.313920
0.032004 -0.313920
0.032504 -0.318825
0.032504 -0.318825
0.033004 -0.323730
0.033504 -0.328635
0.033505 -0.328635
0.034005 -0.333540
0.034005 -0.333540
0.034505 -0.338445
0.035005 -0.343350
0.035005 -0.343350
0.035505 -0.348255
0.035505 -0.348255
0.036005 -0.353160
0.036505 -0.358065
0.036505 -0.358065
0.037005 -0.362970
0.037005 -0.362970
0.037505 -0.367875
0.038005 -0.372780
0.038005 -0.372780
0.038505 -0.377685
0.038505 -0.377685
0.039005 -0.382590
0.039505 -0.387495
0.039505 -0.387495
0.040005 -0.392400
0.040005 -0.392400
0.040505 -0.397305
0.041005 -0.402210
0.041006 -0.402210
0.041506 -0.407115
0.041506 -0.407115
0.042006 -0.412020
0.042506 -0.416925
0.042506 -0.416925
0.043006 -0.421830
0.043006 -0.421830
0.043506 -0.426735
0.044006 -0.431640
0.044006 -0.431640
0.044506 -0.436545
0.044506 -0.436545
0.045006 -0.441450
0.045506 -0.446355
0.045506 -0.446355
0.046006 -0.451260
0.046006 -0.451260
0.046506 -0.456165
0.047006 -0.461070
0.047006 -0.461070
0.047506 -0.465975
0.047506 -0.465975
0.048006 -0.470880
0.048506 -0.475785
0.048507 -0.475785
0.049007 -0.480690
0.049007 -0.480690
0.049507 -0.485595
0.050007 -0.490500
0.050007 -0.490500
0.050507 -0.495405
0.050507 -0.495405
0.051007 -0.500310
0.051507 -0.505215
0.051507 -0.505215
0.052007 -0.510120
0.052007 -0.510120
0.052507 -0.515025
0.053007 -0.519930
0.053007 -0.519930
0.053507 -0.524835
0.053507 -0.524835
0.054007 -0.529740
0.054507 -0.534645
0.054507 -0.534645
0.055007 -0.539550
0.055007 -0.539550
0.055507 -0.544455
0.056007 -0.549360
0.056008 -0.549360
0.056508 -0.554265
0.056508 -0.554265
0.057008 -0.559170
0.057508 -0.564075
0.057508 -0.564075
0.058008 -0.568980
0.058008 -0.568980
0.058508 -0.573885
0.059008 -0.578790
0.059008 -0.578790
0.059508 -0.583695
0.059508 -0.583695
0.060008 -0.588600
0.060508 -0.593505
0.060508 -0.593505
0.061008 -0.598410
0.061008 -0.598410
0.061508 -0.603315
0.062008 -0.608220
0.062008 -0.608220
0.062508 -0.613125
0.062508 -0.613125
0.063008 -0.618030
0.063508 -0.622935
0.063509 -0.622935
0.064009 -0.627840
0.064009 -0.627840
0.064509 -0.632745
0.065009 -0.637650
0.065009 -0.637650
0.065509 -0.642555
0.065509 -0.642555
0.066009 -0.647460
0.066509 -0.652365
0.066509 -0.652365
0.067009 -0.657270
0.067009 -0.657270
0.067509 -0.662175
0.068009 -0.667080
0.068009 -0.667080
0.068509 -0.671985
0.068509 -0.671985
0.069009 -0.676890
0.069509 -0.681795
0.069509 -0.681795
0.070009 -0.686700
0.070009 -0.686700
0.070509 -0.691605
0.071009 -0.696510
0.071010 -0.696510
0.071510 -0.701415
0.071510 -0.701415
0.072010 -0.706320
0.072510 -0.711225
0.072510 -0.711225
0.073010 -0.716130
0.073010 -0.716130
0.073510 -0.721035
0.074010 -0.725940
0.074010 -0.725940
0.074510 -0.730845
0.074510 -0.730845
0.075010 -0.735750
0.075510 -0.740655
0.075510 -0.740655
0.076010 -0.745560
0.076010 -0.745560
0.076510 -0.750465
0.077010 -0.755370
0.077010 -0.755370
0.077510 -0.760275
0.077510 -0.760275
0.078010 -0.765180
0.078510 -0.770085
0.078511 -0.770085
0.079011 -0.774990
0.079011 -0.774990
0.079511 -0.779895
0.080011 -0.784800
0.080011 -0.784800
0.080511 -0.789705
0.080511 -0.789705
0.081011 -0.794610
0.081511 -0.799515
0.081511 -0.799515
0.082011 -0.804420
0.082011 -0.804420
0.082511 -0.809325
0.083011 -0.814230
0.083011 -0.814230
0.083511 -0.819135
0.083511 -0.819135
0.084011 -0.824040
0.084511 -0.828945
0.084511 -0.828945
0.085011 -0.833850
0.085011 -0.833850
0.085511 -0.838755
0.086011 -0.843660
0.086012 -0.843660
0.086512 -0.848565
0.086512 -0.848565
0.087012 -0.853470
0.087512 -0.858375
0.087512 -0.858375
0.088012 -0.863280
0.088012 -0.863280
0.088512 -0.868185
0.089012 -0.873090
0.089012 -0.873090
0.089512 -0.877995
0.089512 -0.877995
0.090012 -0.882900
0.090512 -0.887805
0.090512 -0.887805
0.091012 -0.892710
0.091012 -0.892710
0.091512 -0.897615
0.092012 -0.902520
0.092012 -0.902520
0.092512 -0.907425
0.092512 -0.907425
0.093012 -0.912330
0.093512 -0.917235
0.093513 -0.917235
0.094013 -0.922140
0.094013 -0.922140
0.094513 -0.927045
0.095013 -0.931950
0.095013 -0.931950
0.095513 -0.936855
0.095513 -0.936855
0.096013 -0.941760
0.096513 -0.946665
0.096513 -0.946665
0.097013 -0.951570
0.097013 -0.951570
0.097513 -0.956475
0.098013 -0.961380
0.098013 -0.961380
0.098513 -0.966285
0.098513 -0.966285
0.099013 -0.971190
0.099513 -0.976095
0.099513 -0.976095
0.100013 -0.981000
0.100013 -0.981000
0.100513 -0.985905
0.101013 -0.990810
0.101014 -0.990810
0.101514 -0.995715
0.101514 -0.995715
0.102014 -1.000620
0.102514 -1.005525
0.102514 -1.005525
0.103014 -1.010430
0.103014 -1.010430
0.103514 -1.015335
0.104014 -1.020240
0.104014 -1.020240
0.104514 -1.025145
0.104514 -1.025145
0.105014 -1.030050
0.105514 -1.034955
0.105514 -1.034955
0.106014 -1.039860
0.106014 -1.039860
0.106514 -1.044765
0.107014 -1.049670
0.107014 -1.049670
0.107514 -1.054575
0.107514 -1.054575
0.108014 -1.059480
0.108514 -1.064385
0.108515 -1.064385
0.109015 -1.069290
0.109015 -1.069290
0.109515 -1.074195
0.110015 -1.079100
0.110015 -1.079100
0.110515 -1.084005
0.110515 -1.084005
0.111015 -1.088910
0.111515 -1.093815
0.111515 -1.093815
0.112015 -1.098720
0.112015 -1.098720
0.112515 -1.103625
0.113015 -1.108530
0.113015 -1.108530
0.113515 -1.113435
0.113515 -1.113435
0.114015 -1.118340
0.114515 -1.123245
0.114515 -1.123245
0.115015 -1.128150
0.115015 -1.128150
0.115515 -1.133055
0.116015 -1.137960
0.116016 -1.137960
0.116516 -1.142865
0.116516 -1.142865
0.117016 -1.147770
0.117516 -1.152675
0.117516 -1.152675
0.118016 -1.157580
0.118016 -1.157580
0.118516 -1.162485
0.119016 -1.167390
0.119016 -1.167390
0.119516 -1.172295
0.119516 -1.172295
0.120016 -1.177200
0.120516 -1.182105
0.120516 -1.182105
0.121016 -1.187010
0.121016 -1.187010
0.121516 -1.191915
0.122016 -1.196820
0.122016 -1.196820
0.122516 -1.201725
0.122516 -1.201725
0.123016 -1.206630
0.123516 -1.211535
0.123517 -1.211535
0.124017 -1.216440
0.124017 -1.216440
0.124517 -1.221345
0.125017 -1.226250
0.125017 -1.226250
0.125517 -1.231155
0.125517 -1.231155
0.126017 -1.236060
0.126517 -1.240965
0.126517 -1.240965
0.127017 -1.245870
0.127017 -1.245870
0.127517 -1.250775
0.128017 -1.255680
0.128017 -1.255680
0.128517 -1.260585
0.128517 -1.260585
0.129017 -1.265490
0.129517 -1.270395
0.129517 -1.270395
0.130017 -1.275300
0.130017 -1.275300
0.130517 -1.280205
0.131017 -1.285110
0.131018 -1.285110
0.131518 -1.290015
0.131518 -1.290015
0.132018 -1.294920
0.132518 -1.299825
0.132518 -1.299825
0.133018 -1.304730
0.133018 -1.304730
0.133518 -1.309635
0.134018 -1.314540
0.134018 -1.314540
0.134518 -1.319445
0.134518 -1.319445
0.135018 -1.324350
0.135518 -1.329255
0.135518 -1.329255
0.136018 -1.334160
0.136018 -1.334160
0.136518 -1.339065
0.137018 -1.343970
0.137018 -1.343970
0.137518 -1.348875
0.137518 -1.348875
0.138018 -1.353780
0.138518 -1.358685
0.138519 -1.358685
0.139019 -1.363590
0.139019 -1.363590
0.139519 -1.368495
0.140019 -1.373400
0.140019 -1.373400
0.140519 -1.378305
0.140519 -1.378305
0.141019 -1.383210
0.141519 -1.388115
0.141519 -1.388115
0.142019 -1.393020
0.142019 -1.393020
0.142519 -1.397925
0.143019 -1.402830
0.143019 -1.402830
0.143519 -1.407735
0.143519 -1.407735
0.144019 -1.412640
0.144519 -1.417545
0.144519 -1.417545
0.145019 -1.422450
0.145019 -1.422450
0.145519 -1.427355
0.146019 -1.432260
0.146020 -1.432260
0.146520 -1.437165
0.146520 -1.437165
0.147020 -1.442070
0.147520 -1.446975
0.147520 -1.446975
0.148020 -1.451880
0.148020 -1.451880
0.148520 -1.456785
0.149020 -1.461690
0.149020 -1.461690
0.149520 -1.466595
0.149520 -1.466595
0.150020 -1.471500
0.150520 -1.476405
0.150520 -1.476405
0.151020 -1.481310
0.151020 -1.481310
0.151520 -1.486215
0.152020 -1.491120
0.152020 -1.491120
0.152520 -1.496025
0.152520 -1.496025
0.153020 -1.500930
0.153520 -1.505835
0.153521 -1.505835
0.154021 -1.510740
0.154021 -1.510740
0.154521 -1.515645
0.155021 -1.520550
0.155021 -1.520550
0.155521 -1.525455
0.155521 -1.525455
0.156021 -1.530360
0.156521 -1.535265
0.156521 -1.535265
0.157021 -1.540170
0.157021 -1.540170
0.157521 -1.545075
0.158021 -1.549980
0.158021 -1.549980
0.158521 -1.554885
0.158521 -1.554885
0.159021 -1.559790
0.159521 -1.564695
0.159521 -1.564695
0.160021 -1.569600
0.160021 -1.569600
0.160521 -1.574505
0.161021 -1.579410
0.161022 -1.579410
0.161522 -1.584315
0.161522 -1.584315
0.162022 -1.589220
0.162522 -1.594125
0.162522 -1.594125
0.163022 -1.599030
0.163022 -1.599030
0.163522 -1.603935
0.164022 -1.608840
0.164022 -1.608840
0.164522 -1.613745
0.164522 -1.613745
0.165022 -1.618650
0.165522 -1.623555
0.165522 -1.623555
0.166022 -1.628460
0.166022 -1.628460
0.166522 -1.633365
0.167022 -1.638270
0.167022 -1.638270
0.167522 -1.643175
0.167522 -1.643175
0.168022 -1.648080
0.168522 -1.652985
0.168523 -1.652985
0.169023 -1.657890
0.169023 -1.657890
0.169523 -1.662795
0.170023 -1.667700
0.170023 -1.667700
0.170523 -1.672605
0.170523 -1.672605
0.171023 -1.677510
0.171523 -1.682415
0.171523 -1.682415
0.172023 -1.687320
0.172023 -1.687320
0.172523 -1.692225
0.173023 -1.697130
0.173023 -1.697130
0.173523 -1.702035
0.173523 -1.702035
0.174023 -1.706940
0.174523 -1.711845
0.174523 -1.711845
0.175023 -1.716750
0.175023 -1.716750
0.175523 -1.721655
0.176023 -1.726560
0.176024 -1.726560
0.176524 -1.731465
0.176524 -1.731465
0.177024 -1.736370
0.177524 -1.741275
0.177524 -1.741275
0.178024 -1.746180
0.178024 -1.746180
0.178524 -1.751085
0.179024 -1.755990
0.179024 -1.755990
0.179524 -1.760895
0.179524 -1.760895
0.180024 -1.765800
0.180524 -1.770705
0.180524 -1.770705
0.181024 -1.775610
0.181024 -1.775610
0.181524 -1.780515
0.182024 -1.785420
0.182024 -1.785420
0.182524 -1.790325
0.182524 -1.790325
0.183024 -1.795230
0.183524 -1.800135
0.183525 -1.800135
0.184025 -1.805040
0.184025 -1.805040
0.184525 -1.809945
0.185025 -1.814850
0.185025 -1.814850
0.185525 -1.819755
0.185525 -1.819755
0.186025 -1.824660
0.186525 -1.829565
0.186525 -1.829565
0.187025 -1.834470
0.187025 -1.834470
0.187525 -1.839375
0.188025 -1.844280
0.188025 -1.844280
0.188525 -1.849185
0.188525 -1.849185
0.189025 -1.854090
0.189525 -1.858995
0.189525 -1.858995
0.190025 -1.863900
0.190026 -2.214318
0.190526 -2.219223
0.190526 -2.219223
0.191026 -2.224128
0.191026 -2.288372
0.191526 -2.293277
0.192026 -2.298182
0.192026 -2.298182
0.192526 -2.303087
0.192526 -2.303087
0.193026 -2.307992
0.193526 -2.312897
0.193526 -2.312897
0.194026 -2.317802
0.194026 -2.317802
0.194526 -2.322707
0.195026 -2.327612
0.195026 -2.327612
0.195526 -2.332517
0.195526 -2.332517
0.196026 -2.337422
0.196526 -2.342327
0.196526 -2.342327
0.197026 -2.347232
0.197027 -2.347232
0.197527 -2.352137
0.198027 -2.357042
0.198027 -2.357042
0.198527 -2.361947
0.198527 -2.361947
0.199027 -2.366852
0.199527 -2.371757
0.199527 -2.371757
0.200027 -2.376662
0.200027 -2.376662
0.200527 -2.381567
0.201027 -2.386472
0.201027 -2.386472
0.201527 -2.391377
0.201527 -2.391377
0.202027 -2.396282
0.202527 -2.401187
0.202527 -2.401187
0.203027 -2.406092
0.203027 -2.406092
0.203527 -2.410997
0.204027 -2.415902
0.204027 -2.415902
0.204527 -2.420807
0.204528 -2.420807
0.205028 -2.425712
0.205528 -2.430617
0.205528 -2.430617
0.206028 -2.435522
0.206028 -2.435522
0.206528 -2.440427
0.207028 -2.445332
0.207028 -2.445332
0.207528 -2.450237
0.207528 -2.450237
0.208028 -2.455142
0.208528 -2.460047
0.208528 -2.460047
0.209028 -2.464952
0.209028 -2.464952
0.209528 -2.469857
0.210028 -2.474762
0.210028 -2.474762
0.210528 -2.479667
0.210528 -2.479667
0.211028 -2.484572
0.211528 -2.489477
0.211528 -2.489477
0.212028 -2.494382
0.212029 -2.494382
0.212529 -2.499287
0.213029 -2.504192
0.213029 -2.504192
0.213529 -2.509097
0.213529 -2.509097
0.214029 -2.514002
0.214529 -2.518907
0.214529 -2.518907
0.215029 -2.523812
0.215029 -2.523812
0.215529 -2.528717
0.216029 -2.533622
0.216029 -2.533622
0.216529 -2.538527
0.216529 -2.538527
0.217029 -2.543432
0.217529 -2.548337
0.217529 -2.548337
0.218029 -2.553242
0.218029 -2.553242
0.218529 -2.558147
0.219029 -2.563052
0.219029 -2.563052
0.219529 -2.567957
0.219530 -2.567957
0.220030 -2.572862
0.220530 -2.577767
0.220530 -2.577767
0.221030 -2.582672
0.221030 -2.582672
0.221530 -2.587577
0.222030 -2.592482
0.222030 -2.592482
0.222530 -2.597387
0.222530 -2.597387
0.223030 -2.602292
0.223530 -2.607197
0.223530 -2.607197
0.224030 -2.612102
0.224030 -2.612102
0.224530 -2.617007
0.225030 -2.621912
0.225030 -2.621912
0.225530 -2.626817
0.225530 -2.626817
0.226030 -2.631722
0.226530 -2.636627
0.226530 -2.636627
0.227030 -2.641532
0.227031 -2.641532
0.227531 -2.646437
0.228031 -2.651342
0.228031 -2.651342
0.228531 -2.656247
0.228531 -2.656247
0.229031 -2.661152
0.229531 -2.666057
0.229531 -2.666057
0.230031 -2.670962
0.230031 -2.670962
0.230531 -2.675867
0.231031 -2.680772
0.231031 -2.680772
0.231531 -2.685677
0.231531 -2.685677
0.232031 -2.690582
0.232531 -2.695487
0.232531 -2.695487
0.233031 -2.700392
0.233031 -2.700392
0.233531 -2.705297
0.234031 -2.710202
0.234031 -2.710202
0.234531 -2.715107
0.234532 -2.715107
0.235032 -2.720012
0.235532 -2.724917
0.235532 -2.724917
0.236032 -2.729822
0.236032 -2.729822
0.236532 -2.734727
0.237032 -2.739632
0.237032 -2.739632
0.237532 -2.744537
0.237532 -2.744537
0.238032 -2.749442
0.238532 -2.754347
0.238532 -2.754347
0.239032 -2.759252
0.239032 -2.759252
0.239532 -2.764157
0.240032 -2.769062
0.240032 -2.769062
0.240532 -2.773967
0.240532 -2.773967
0.241032 -2.778872
0.241532 -2.783777
0.241532 -2.783777
0.242032 -2.788682
0.242033 -2.788682
0.242533 -2.793587
0.243033 -2.798492
0.243033 -2.798492
0.243533 -2.803397
0.243533 -2.803397
0.244033 -2.808302
0.244533 -2.813207
0.244533 -2.813207
0.245033 -2.818112
0.245033 -2.818112
0.245533 -2.823017
0.246033 -2.827922
0.246033 -2.827922
0.246533 -2.832827
0.246533 -2.832827
0.247033 -2.837732
0.247533 -2.842637
0.248033 -2.847542
0.248033 -2.847542
0.248533 -2.852447
0.249033 -2.857352
0.249033 -2.857352
0.249533 -2.862257
0.250033 -2.867162
0.250033 -2.867162
0.250533 -2.872067
0.251033 -2.876972
0.251034 -2.876972
0.251534 -2.881877
0.252034 -2.886782
0.252034 -2.886782
0.252534 -2.891687
0.253034 -2.896592
0.253034 -2.896592
0.253534 -2.901497
0.254034 -2.906402
0.254034 -2.906402
0.254534 -2.911307
0.255034 -2.916212
0.255034 -2.916212
0.255534 -2.921117
0.256034 -2.926022
0.256034 -2.926022
0.256534 -2.930927
0.257034 -2.935832
0.257034 -2.935832
0.257534 -2.940737
0.258034 -2.945642
0.258034 -2.945642
0.258534 -2.950547
0.259034 -2.955452
0.259034 -2.955452
0.259534 -2.960357
0.260034 -2.965262
0.260034 -2.965262
0.260534 -2.970167
0.261034 -2.975072
0.261035 -2.975072
0.261535 -2.979977
0.262035 -2.984882
0.262035 -2.984882
0.262535 -2.989787
0.263035 -2.994692
0.263035 -2.994692
0.263535 -2.999597
0.264035 -3.004502
0.264035 -3.004502
0.264535 -3.009407
0.265035 -3.014312
0.265035 -3.014312
0.265535 -3.019217
0.266035 -3.024122
0.266035 -3.024122
0.266535 -3.029027
0.267035 -3.033932
0.267035 -3.033932
0.267535 -3.038837
0.268035 -3.043742
0.268035 -3.043742
0.268535 -3.048647
0.269035 -3.053552
0.269035 -3.053552
0.269535 -3.058457
0.270035 -3.063362
0.270035 -3.063362
0.270535 -3.068267
0.271035 -3.073172
0.271036 -3.073172
0.271536 -3.078077
0.272036 -3.082982
0.272036 -3.082982
0.272536 -3.087887
0.273036 -3.092792
0.273036 -3.092792
0.273536 -3.097697
0.274036 -3.102602
0.274036 -3.102602
0.274536 -3.107507
0.275036 -3.112412
0.275036 -3.112412
0.275536 -3.117317
0.276036 -3.122222
0.276036 -3.122222
0.276536 -3.127127
0.277036 -3.132032
0.277036 -3.132032
0.277536 -3.136937
0.278036 -3.141842
0.278036 -3.141842
0.278536 -3.146747
0.279036 -3.151652
0.279036 -3.151652
0.279536 -3.156557
0.280036 -3.161462
0.280036 -3.161462
0.280536 -3.166367
0.281036 -3.171272
0.281037 -3.171272
0.281537 -3.176177
0.282037 -3.181082
0.282037 -3.181082
0.282537 -3.185987
0.283037 -3.190892
0.283037 -3.190892
0.283537 -3.195797
0.284037 -3.200702
0.284037 -3.200702
0.284537 -3.205607
0.285037 -3.210512
0.285037 -3.210512
0.285537 -3.215417
0.286037 -3.220322
0.286037 -3.220322
0.286537 -3.225227
0.287037 -3.230132
0.287037 -3.230132
0.287537 -3.235037
0.288037 -3.239942
0.288037 -3.239942
0.288537 -3.244847
0.289037 -3.249752
0.289037 -3.249752
0.289537 -3.254657
0.290037 -3.259562
0.290038 -3.259562
0.290538 -3.264467
0.290538 -3.264467
0.291038 -3.269372
0.291538 -3.274277
0.291538 -3.274277
0.292038 -3.279182
0.292538 -3.284087
0.292538 -3.284087
0.293038 -3.288992
0.293538 -3.293897
0.293538 -3.293897
0.294038 -3.298802
0.294538 -3.303707
0.294538 -3.303707
0.295038 -3.308612
0.295538 -3.313517
0.295538 -3.313517
0.296038 -3.318422
0.296538 -3.323327
0.296538 -3.323327
0.297038 -3.328232
0.297538 -3.333137
0.297538 -3.333137
0.298038 -3.338042
0.298538 -3.342947
0.298538 -3.342947
0.299038 -3.347852
0.299538 -3.352757
0.299539 -3.352757
0.300039 -3.357662
0.300539 -3.362567
0.300539 -3.362567
0.301039 -3.367472
0.301539 -3.372377
0.301539 -3.861169
0.302039 -3.866074
0.302539 -3.870979
0.302539 -3.870979
0.303039 -3.875884
0.303539 -3.880789
0.303539 -3.880789
0.304039 -3.885694
0.304539 -3.890599
0.304539 -3.890599
0.305039 -3.895504
0.305539 -3.900409
0.305539 -3.900409
0.306039 -3.905314
0.306539 -3.910219
0.306539 -3.910219
0.307039 -3.915124
0.307539 -3.920029
0.307539 -3.920029
0.308039 -3.924934
0.308539 -3.929839
0.308539 -3.929839
0.309039 -3.934744
0.309539 -3.939649
0.309540 -3.939649
0.310040 -3.944554
0.310540 -3.949459
0.310540 -3.949459
0.311040 -3.954364
0.311540 -3.959269
0.311540 -3.959269
0.312040 -3.964174
0.312540 -3.969079
0.312540 -3.969079
0.313040 -3.973984
0.313540 -3.978889
0.313540 -3.978889
0.314040 -3.983794
0.314540 -3.988699
0.314540 -3.988699
0.315040 -3.993604
0.315540 -3.998509
0.315540 -3.998509
0.316040 -4.003414
0.316540 -4.008319
0.316540 -4.008319
0.317040 -4.013224
0.317540 -4.018129
0.317540 -4.018129
0.318040 -4.023034
0.318540 -4.027939
0.318540 -4.027939
0.319040 -4.032844
0.319540 -4.037749
0.319541 -4.037749
0.320041 -4.042654
0.320541 -4.047559
0.320541 -4.047559
0.321041 -4.052464
0.321541 -4.057369
0.321541 -4.057369
0.322041 -4.062274
0.322541 -4.067179
0.322541 -4.067179
0.323041 -4.072084
0.323541 -4.076989
0.323541 -4.076989
0.324041 -4.081894
0.324541 -4.086799
0.324541 -4.086799
0.325041 -4.091704
0.325541 -4.096609
0.325541 -4.096609
0.326041 -4.101514
0.326541 -4.106419
0.326541 -4.106419
0.327041 -4.111324
0.327541 -4.116229
0.327541 -4.116229
0.328041 -4.121134
0.328541 -4.126039
0.328541 -4.126039
0.329041 -4.130944
0.329541 -4.135849
0.329542 -4.135849
0.330042 -4.140754
0.330542 -4.145659
0.330542 -4.145659
0.331042 -4.150564
0.331542 -4.155469
0.331542 -4.155469
0.332042 -4.160374
0.332542 -4.165279
0.332542 -4.165279
0.333042 -4.170184
0.333542 -4.175089
0.333542 -4.175089
0.334042 -4.179994
0.334542 -4.184899
0.335042 -4.189804
0.335542 -4.194709
0.336042 -4.199614
0.336542 -4.204519
0.337042 -4.209424
0.337542 -4.214329
0.338042 -4.219234
0.338542 -4.224139
0.339042 -4.229044
0.339542 -4.233949
0.340042 -4.238854
0.340542 -4.243759
0.341042 -4.248664
0.341542 -4.253569
0.342042 -4.258474
0.342542 -4.263379
0.343042 -4.268284
0.343542 -4.273189
0.344042 -4.278094
0.344542 -4.282999
0.345042 -4.287904
0.345542 -4.292809
0.346042 -4.297714
0.346542 -4.302619
0.347042 -4.307524
0.347542 -4.312429
0.348042 -4.317334
0.348542 -4.322239
0.349042 -4.327144
0.349542 -4.332049
0.350042 -4.336954
0.350542 -4.341859
0.351042 -4.346764
0.351542 -4.351669
0.352042 -4.356574
0.352542 -4.361479
0.353042 -4.366384
0.353542 -4.371289
0.354042 -4.376194
0.354042 -1.952213
0.354542 -1.957118
0.355042 -1.962023
0.355542 -1.966928
0.356042 -1.971833
0.356542 -1.976738
0.357042 -1.981643
0.357542 -1.986548
0.358042 -1.991453
0.358542 -1.996358
0.359042 -2.001263
0.359542 -2.006168
0.360042 -2.011073
0.360542 -2.015978
0.361042 -2.020883
0.361542 -2.025788
0.362042 -2.030693
0.362542 -2.035598
0.363042 -2.040503
0.363542 -2.045408
0.364042 -2.050313
