0.000000 0.000000
0.000500 -0.004905
0.000500 -0.004905
0.001000 -0.009810
0.001000 -0.009810
0.001500 -0.014715
0.002000 -0.019620
0.002000 -0.019620
0.002500 -0.024525
0.002500 -0.024525
0.003000 -0.029430
0.003500 -0.034335
0.003500 -0.034335
0.004000 -0.039240
0.004001 -0.039240
0.004501 -0.044145
0.005001 -0.049050
0.005001 -0.049050
0.005501 -0.053955
0.005501 -0.053955
0.006001 -0.058860
0.006501 -0.063765
0.006501 -0.063765
0.007001 -0.068670
0.007001 -0.068670
0.007501 -0.073575
0.008001 -0.078480
0.008001 -0.078480
0.008501 -0.083385
0.008501 -0.083385
0.009001 -0.088290
0.009501 -0.093195
0.009501 -0.093195
0.010001 -0.098100
0.010001 -0.098100
0.010501 -0.103005
0.011001 -0.107910
0.011001 -0.107910
0.011501 -0.112815
0.011502 -0.112815
0.012002 -0.117720
0.012502 -0.122625
0.012502 -0.122625
0.013002 -0.127530
0.013002 -0.127530
0.013502 -0.132435
0.014002 -0.137340
0.014002 -0.137340
0.014502 -0.142245
0.014502 -0.142245
0.015002 -0.147150
0.015502 -0.152055
0.015502 -0.152055
0.016002 -0.156960
0.016002 -0.156960
0.016502 -0.161865
0.017002 -0.166770
0.017002 -0.166770
0.017502 -0.171675
0.017502 -0.171675
0.018002 -0.176580
0.018502 -0.181485
0.018502 -0.181485
0.019002 -0.186390
0.019003 -0.186390
0.019503 -0.191295
0.020003 -0.196200
0.020003 -0.196200
0.020503 -0.201105
0.020503 -0.201105
0.021003 -0.206010
0.021503 -0.210915
0.021503 -0.210915
0.022003 -0.215820
0.022003 -0.215820
0.022503 -0.220725
0.023003 -0.225630
0.023003 -0.225630
0.023503 -0.230535
0.023503 -0.230535
0.024003 -0.235440
0.024503 -0.240345
0.024503 -0.240345
0.025003 -0.245250
0.025003 -0.245250
0.025503 -0.250155
0.026003 -0.255060
0.026003 -0.255060
0.026503 -0.259965
0.026504 -0.259965
0.027004 -0.264870
0.027504 -0.269775
0.027504 -0.269775
0.028004 -0.274680
0.028004 -0.274680
0.028504 -0.279585
0.029004 -0.284490
0.029004 -0.284490
0.029504 -0.289395
0.029504 -0.289395
0.030004 -0.294300
0.030504 -0.299205
0.030504 -0.299205
0.031004 -0.304110
0.031004 -0.304110
0.031504 -0.309015
0.032004 -0.313920
0.032004 -0.313920
0.032504 -0.318825
0.032504 -0.318825
0.033004 -0.323730
0.033504 -0.328635
0.033505 -0.328635
0.034005 -0.333540
0.034005 -0.333540
0.034505 -0.338445
0.035005 -0.343350
0.035005 -0.343350
0.035505 -0.348255
0.035505 -0.348255
0.036005 -0.353160
0.036505 -0.358065
0.036505 -0.358065
0.037005 -0.362970
0.037005 -0.362970
0.037505 -0.367875
0.038005 -0.372780
0.038005 -0.372780
0.038505 -0.377685
0.038505 -0.377685
0.039005 -0.382590
0.039505 -0.387495
0.039505 -0.387495
0.040005 -0.392400
0.040005 -0.392400
0.040505 -0.397305
0.041005 -0.402210
0.041006 -0.402210
0.041506 -0.407115
0.041506 -0.407115
0.042006 -0.412020
0.042506 -0.416925
0.042506 -0.416925
0.043006 -0.421830
0.043006 -0.421830
0.043506 -0.426735
0.044006 -0.431640
0.044006 -0.431640
0.044506 -0.436545
0.044506 -0.436545
0.045006 -0.441450
0.045506 -0.446355
0.045506 -0.446355
0.046006 -0.451260
0.046006 -0.451260
0.046506 -0.456165
0.047006 -0.461070
0.047006 -0.461070
0.047506 -0.465975
0.047506 -0.465975
0.048006 -0.470880
0.048506 -0.475785
0.048507 -0.475785
0.049007 -0.480690
0.049007 -0.480690
0.049507 -0.485595
0.050007 -0.490500
0.050007 -0.490500
0.050507 -0.495405
0.050507 -0.495405
0.051007 -0.500310
0.051507 -0.505215
0.051507 -0.505215
0.052007 -0.510120
0.052007 -0.510120
0.052507 -0.515025
0.053007 -0.519930
0.053007 -0.519930
0.053507 -0.524835
0.053507 -0.524835
0.054007 -0.529740
0.054507 -0.534645
0.054507 -0.534645
0.055007 -0.539550
0.055007 -0.539550
0.055507 -0.544455
0.056007 -0.549360
0.056008 -0.549360
0.056508 -0.554265
0.056508 -0.554265
0.057008 -0.559170
0.057508 -0.564075
0.057508 -0.564075
0.058008 -0.568980
0.058008 -0.568980
0.058508 -0.573885
0.059008 -0.578790
0.059008 -0.578790
0.059508 -0.583695
0.059508 -0.583695
0.060008 -0.588600
0.060508 -0.593505
0.060508 -0.593505
0.061008 -0.598410
0.061008 -0.598410
0.061508 -0.603315
0.062008 -0.608220
0.062008 -0.608220
0.062508 -0.613125
0.062508 -0.613125
0.063008 -0.618030
0.063508 -0.622935
0.063509 -0.622935
0.064009 -0.627840
0.064009 -0.627840
0.064509 -0.632745
0.065009 -0.637650
0.065009 -0.637650
0.065509 -0.642555
0.065509 -0.642555
0.066009 -0.647460
0.066509 -0.652365
0.066509 -0.652365
0.067009 -0.657270
0.067009 -0.657270
0.067509 -0.662175
0.068009 -0.667080
0.068009 -0.667080
0.068509 -0.671985
0.068509 -0.671985
0.069009 -0.676890
0.069509 -0.681795
0.069509 -0.681795
0.070009 -0.686700
0.070009 -0.686700
0.070509 -0.691605
0.071009 -0.696510
0.071010 -0.696510
0.071510 -0.701415
0.071510 -0.701415
0.072010 -0.706320
0.072510 -0.711225
0.072510 -0.711225
0.073010 -0.716130
0.073010 -0.716130
0.073510 -0.721035
0.074010 -0.725940
0.074010 -0.725940
0.074510 -0.730845
0.074510 -0.730845
0.075010 -0.735750
0.075510 -0.740655
0.075510 -0.740655
0.076010 -0.745560
0.076010 -0.745560
0.076510 -0.750465
0.077010 -0.755370
0.077010 -0.755370
0.077510 -0.760275
0.077510 -0.760275
0.078010 -0.765180
0.078510 -0.770085
0.078511 -0.770085
0.079011 -0.774990
0.079011 -0.774990
0.079511 -0.779895
0.080011 -0.784800
0.080011 -0.784800
0.080511 -0.789705
0.080511 -0.789705
0.081011 -0.794610
0.081511 -0.799515
0.081511 -0.799515
0.082011 -0.804420
0.082011 -0.804420
0.082511 -0.809325
0.083011 -0.814230
0.083011 -0.814230
0.083511 -0.819135
0.083511 -0.819135
0.084011 -0.824040
0.084511 -0.828945
0.084511 -0.828945
0.085011 -0.833850
0.085011 -0.833850
0.085511 -0.838755
0.086011 -0.843660
0.086012 -0.843660
0.086512 -0.848565
0.086512 -0.848565
0.087012 -0.853470
0.087512 -0.858375
0.087512 -0.858375
0.088012 -0.863280
0.088012 -0.863280
0.088512 -0.868185
0.089012 -0.873090
0.089012 -0.873090
0.089512 -0.877995
0.089512 -0.877995
0.090012 -0.882900
0.090512 -0.887805
0.090512 -0.887805
0.091012 -0.892710
0.091012 -0.892710
0.091512 -0.897615
0.092012 -0.902520
0.092012 -0.902520
0.092512 -0.907425
0.092512 -0.907425
0.093012 -0.912330
0.093512 -0.917235
0.093513 -0.917235
0.094013 -0.922140
0.094013 -0.922140
0.094513 -0.927045
0.095013 -0.931950
0.095013 -0.931950
0.095513 -0.936855
0.095513 -0.936855
0.096013 -0.941760
0.096513 -0.946665
0.096513 -0.946665
0.097013 -0.951570
0.097013 -0.951570
0.097513 -0.956475
0.098013 -0.961380
0.098013 -0.961380
0.098513 -0.966285
0.098513 -0.966285
0.099013 -0.971190
0.099513 -0.976095
0.099513 -0.976095
0.100013 -0.981000
0.100013 -0.981000
0.100513 -0.985905
0.101013 -0.990810
0.101014 -0.990810
0.101514 -0.995715
0.101514 -0.995715
0.102014 -1.000620
0.102514 -1.005525
0.102514 -1.005525
0.103014 -1.010430
0.103014 -1.010430
0.103514 -1.015335
0.104014 -1.020240
0.104014 -1.020240
0.104514 -1.025145
0.104514 -1.025145
0.105014 -1.030050
0.105514 -1.034955
0.105514 -1.034955
0.106014 -1.039860
0.106014 -1.039860
0.106514 -1.044765
0.107014 -1.049670
0.107014 -1.049670
0.107514 -1.054575
0.107514 -1.054575
0.108014 -1.059480
0.108514 -1.064385
0.108515 -1.064385
0.109015 -1.069290
0.109015 -1.069290
0.109515 -1.074195
0.110015 -1.079100
0.110015 -1.079100
0.110515 -1.084005
0.110515 -1.084005
0.111015 -1.088910
0.111515 -1.093815
0.111515 -1.093815
0.112015 -1.098720
0.112015 -1.098720
0.112515 -1.103625
0.113015 -1.108530
0.113015 -1.108530
0.113515 -1.113435
0.113515 -1.113435
0.114015 -1.118340
0.114515 -1.123245
0.114515 -1.123245
0.115015 -1.128150
0.115015 -1.128150
0.115515 -1.133055
0.116015 -1.137960
0.116016 -1.137960
0.116516 -1.142865
0.116516 -1.142865
0.117016 -1.147770
0.117516 -1.152675
0.117516 -1.152675
0.118016 -1.157580
0.118016 -1.157580
0.118516 -1.162485
0.119016 -1.167390
0.119016 -1.167390
0.119516 -1.172295
0.119516 -1.172295
0.120016 -1.177200
0.120516 -1.182105
0.120516 -1.182105
0.121016 -1.187010
0.121016 -1.187010
0.121516 -1.191915
0.122016 -1.196820
0.122016 -1.196820
0.122516 -1.201725
0.122516 -1.201725
0.123016 -1.206630
0.123516 -1.211535
0.123517 -1.211535
0.124017 -1.216440
0.124017 -1.216440
0.124517 -1.221345
0.125017 -1.226250
0.125017 -1.226250
0.125517 -1.231155
0.125517 -1.231155
0.126017 -1.236060
0.126517 -1.240965
0.126517 -1.240965
0.127017 -1.245870
0.127017 -1.245870
0.127517 -1.250775
0.128017 -1.255680
0.128017 -1.255680
0.128517 -1.260585
0.128517 -1.260585
0.129017 -1.265490
0.129517 -1.270395
0.129517 -1.270395
0.130017 -1.275300
0.130017 -1.275300
0.130517 -1.280205
0.131017 -1.285110
0.131018 -1.285110
0.131518 -1.290015
0.131518 -1.290015
0.132018 -1.294920
0.132518 -1.299825
0.132518 -1.299825
0.133018 -1.304730
0.133018 -1.304730
0.133518 -1.309635
0.134018 -1.314540
0.134018 -1.314540
0.134518 -1.319445
0.134518 -1.319445
0.135018 -1.324350
0.135518 -1.329255
0.135518 -1.329255
0.136018 -1.334160
0.136018 -1.334160
0.136518 -1.339065
0.137018 -1.343970
0.137018 -1.343970
0.137518 -1.348875
0.137518 -1.348875
0.138018 -1.353780
0.138518 -1.358685
0.138519 -1.358685
0.139019 -1.363590
0.139019 -1.363590
0.139519 -1.368495
0.140019 -1.373400
0.140019 -1.373400
0.140519 -1.378305
0.140519 -1.378305
0.141019 -1.383210
0.141519 -1.388115
0.141519 -1.388115
0.142019 -1.393020
0.142019 -1.393020
0.142519 -1.397925
0.143019 -1.402830
0.143019 -1.402830
0.143519 -1.407735
0.143519 -1.407735
0.144019 -1.412640
0.144519 -1.417545
0.144519 -1.417545
0.145019 -1.422450
0.145019 -1.422450
0.145519 -1.427355
0.146019 -1.432260
0.146020 -1.432260
0.146520 -1.437165
0.146520 -1.437165
0.147020 -1.442070
0.147520 -1.446975
0.147520 -1.446975
0.148020 -1.451880
0.148020 -1.451880
0.148520 -1.456785
0.149020 -1.461690
0.149020 -1.461690
0.149520 -1.466595
0.149520 -1.466595
0.150020 -1.471500
0.150520 -1.476405
0.150520 -1.476405
0.151020 -1.481310
0.151020 -1.481310
0.151520 -1.486215
0.152020 -1.491120
0.152020 -1.491120
0.152520 -1.496025
0.152520 -1.496025
0.153020 -1.500930
0.153520 -1.505835
0.153521 -1.505835
0.154021 -1.510740
0.154021 -1.510740
0.154521 -1.515645
0.155021 -1.520550
0.155021 -1.520550
0.155521 -1.525455
0.155521 -1.525455
0.156021 -1.530360
0.156521 -1.535265
0.156521 -1.535265
0.157021 -1.540170
0.157021 -1.540170
0.157521 -1.545075
0.158021 -1.549980
0.158021 -1.549980
0.158521 -1.554885
0.158521 -1.554885
0.159021 -1.559790
0.159521 -1.564695
0.159521 -1.564695
0.160021 -1.569600
0.160021 -1.569600
0.160521 -1.574505
0.161021 -1.579410
0.161022 -1.579410
0.161522 -1.584315
0.161522 -1.584315
0.162022 -1.589220
0.162522 -1.594125
0.162522 -1.594125
0.163022 -1.599030
0.163022 -1.599030
0.163522 -1.603935
0.164022 -1.608840
0.164022 -1.608840
0.164522 -1.613745
0.164522 -1.613745
0.165022 -1.618650
0.165522 -1.623555
0.165522 -1.623555
0.166022 -1.628460
0.166022 -1.628460
0.166522 -1.633365
0.167022 -1.638270
0.167022 -1.638270
0.167522 -1.643175
0.167522 -1.643175
0.168022 -1.648080
0.168522 -1.652985
0.168523 -1.652985
0.169023 -1.657890
0.169023 -1.657890
0.169523 -1.662795
0.170023 -1.667700
0.170023 -1.667700
0.170523 -1.672605
0.170523 -1.672605
0.171023 -1.677510
0.171523 -1.682415
0.171523 -1.682415
0.172023 -1.687320
0.172023 -1.687320
0.172523 -1.692225
0.173023 -1.697130
0.173023 -1.697130
0.173523 -1.702035
0.173523 -1.702035
0.174023 -1.706940
0.174523 -1.711845
0.174523 -1.711845
0.175023 -1.716750
0.175023 -1.716750
0.175523 -1.721655
0.176023 -1.726560
0.176024 -1.726560
0.176524 -1.731465
0.176524 -1.731465
0.177024 -1.736370
0.177524 -1.741275
0.177524 -1.741275
0.178024 -1.746180
0.178024 -1.746180
0.178524 -1.751085
0.179024 -1.755990
0.179024 -1.755990
0.179524 -1.760895
0.179524 -1.760895
0.180024 -1.765800
0.180524 -1.770705
0.180524 -1.770705
0.181024 -1.775610
0.181024 -1.775610
0.181524 -1.780515
0.182024 -1.785420
0.182024 -1.785420
0.182524 -1.790325
0.182524 -1.790325
0.183024 -1.795230
0.183524 -1.800135
0.183525 -1.800135
0.184025 -1.805040
0.184025 -1.805040
0.184525 -1.809945
0.185025 -1.814850
0.185025 -1.814850
0.185525 -1.819755
0.185525 -1.819755
0.186025 -1.824660
0.186525 -1.829565
0.186525 -1.829565
0.187025 -1.834470
0.187025 -1.834470
0.187525 -1.839375
0.188025 -1.844280
0.188025 -1.844280
0.188525 -1.849185
0.188525 -1.849185
0.189025 -1.854090
0.189525 -1.858995
0.189525 -2.209866
0.190025 -2.214771
0.190026 -1.864352
0.190526 -1.869257
0.190526 -1.869257
0.191026 -1.874162
0.191026 -1.809919
0.191526 -1.814824
0.192026 -1.819729
0.192026 -1.819729
0.192526 -1.824634
0.192526 -1.824634
0.193026 -1.829539
0.193526 -1.834444
0.193526 -1.834444
0.194026 -1.839349
0.194026 -1.839349
0.194526 -1.844254
0.195026 -1.849159
0.195026 -1.867511
0.195526 -1.872416
0.195526 -1.872416
0.196026 -1.877321
0.196526 -1.882226
0.196526 -1.882226
0.197026 -1.887131
0.197027 -1.887131
0.197527 -1.892036
0.198027 -1.896941
0.198027 -1.896941
0.198527 -1.901846
0.198527 -1.901846
0.199027 -1.906751
0.199527 -1.911656
0.199527 -1.911656
0.200027 -1.916561
0.200027 -1.916561
0.200527 -1.921466
0.201027 -1.926371
0.201027 -1.926371
0.201527 -1.931276
0.201527 -1.931276
0.202027 -1.936181
0.202527 -1.941086
0.202527 -1.953360
0.203027 -1.958265
0.203027 -1.958265
0.203527 -1.963170
0.204027 -1.968075
0.204027 -1.968075
0.204527 -1.972980
0.204528 -1.972980
0.205028 -1.977885
0.205528 -1.982790
0.205528 -1.982790
0.206028 -1.987695
0.206028 -1.987695
0.206528 -1.992600
0.207028 -1.997505
0.207028 -1.997505
0.207528 -2.002410
0.207528 -2.002410
0.208028 -2.007315
0.208528 -2.012220
0.208528 -2.012220
0.209028 -2.017125
0.209028 -2.017125
0.209528 -2.022030
0.210028 -2.026935
0.210028 -2.026935
0.210528 -2.031840
0.210528 -2.031840
0.211028 -2.036745
0.211528 -2.041650
0.211528 -2.041650
0.212028 -2.046555
0.212029 -2.046555
0.212529 -2.051460
0.213029 -2.056365
0.213029 -2.066993
0.213529 -2.071898
0.213529 -2.071898
0.214029 -2.076803
0.214529 -2.081708
0.214529 -2.081708
0.215029 -2.086613
0.215029 -2.086613
0.215529 -2.091518
0.216029 -2.096423
0.216029 -2.096423
0.216529 -2.101328
0.216529 -2.101328
0.217029 -2.106233
0.217529 -2.111138
0.217529 -2.111138
0.218029 -2.116043
0.218029 -2.116043
0.218529 -2.120948
0.219029 -2.125853
0.219029 -2.125853
0.219529 -2.130758
0.219530 -2.130758
0.220030 -2.135663
0.220530 -2.140568
0.220530 -2.140568
0.221030 -2.145473
0.221030 -2.145473
0.221530 -2.150378
0.222030 -2.155283
0.222030 -2.155283
0.222530 -2.160188
0.222530 -2.160188
0.223030 -2.165093
0.223530 -2.169998
0.223530 -2.169998
0.224030 -2.174903
0.224030 -2.174903
0.224530 -2.179808
0.225030 -2.184713
0.225030 -2.184713
0.225530 -2.189618
0.225530 -2.189618
0.226030 -2.194523
0.226530 -2.199428
0.226530 -2.199428
0.227030 -2.204333
0.227031 -2.204333
0.227531 -2.209238
0.228031 -2.214143
0.228031 -2.214143
0.228531 -2.219048
0.228531 -2.219048
0.229031 -2.223953
0.229531 -2.228858
0.229531 -2.228858
0.230031 -2.233763
0.230031 -2.233763
0.230531 -2.238668
0.231031 -2.243573
0.231031 -2.243573
0.231531 -2.248478
0.231531 -2.248478
0.232031 -2.253383
0.232531 -2.258288
0.232531 -2.258288
0.233031 -2.263193
0.233031 -2.263193
0.233531 -2.268098
0.234031 -2.273003
0.234031 -2.273003
0.234531 -2.277908
0.234532 -2.277908
0.235032 -2.282813
0.235532 -2.287718
0.235532 -2.287718
0.236032 -2.292623
0.236032 -2.292623
0.236532 -2.297528
0.237032 -2.302433
0.237032 -2.302433
0.237532 -2.307338
0.237532 -2.307338
0.238032 -2.312243
0.238532 -2.317148
0.238532 -2.317148
0.239032 -2.322053
0.239032 -2.322053
0.239532 -2.326958
0.240032 -2.331863
0.240032 -2.331863
0.240532 -2.336768
0.240532 -2.336768
0.241032 -2.341673
0.241532 -2.346578
0.241532 -2.346578
0.242032 -2.351483
0.242033 -2.351483
0.242533 -2.356388
0.243033 -2.361293
0.243033 -2.361293
0.243533 -2.366198
0.243533 -2.366198
0.244033 -2.371103
0.244533 -2.376008
0.244533 -2.376008
0.245033 -2.380913
0.245033 -2.380913
0.245533 -2.385818
0.246033 -2.390723
0.246033 -2.390723
0.246533 -2.395628
0.246533 -2.395628
0.247033 -2.400533
0.247533 -2.405438
0.248033 -2.410343
0.248033 -2.410343
0.248533 -2.415248
0.249033 -2.420153
0.249033 -2.420153
0.249533 -2.425058
0.250033 -2.429963
0.250033 -2.429963
0.250533 -2.434868
0.251033 -2.439773
0.251034 -2.439773
0.251534 -2.444678
0.252034 -2.449583
0.252034 -2.449583
0.252534 -2.454488
0.253034 -2.459393
0.253034 -2.459393
0.253534 -2.464298
0.254034 -2.469203
0.254034 -2.469203
0.254534 -2.474108
0.255034 -2.479013
0.255034 -2.479013
0.255534 -2.483918
0.256034 -2.488823
0.256034 -2.488823
0.256534 -2.493728
0.257034 -2.498633
0.257034 -2.498633
0.257534 -2.503538
0.258034 -2.508443
0.258034 -2.508443
0.258534 -2.513348
0.259034 -2.518253
0.259034 -2.518253
0.259534 -2.523158
0.260034 -2.528063
0.260034 -2.528063
0.260534 -2.532968
0.261034 -2.537873
0.261035 -2.537873
0.261535 -2.542778
0.262035 -2.547683
0.262035 -2.547683
0.262535 -2.552588
0.263035 -2.557493
0.263035 -2.557493
0.263535 -2.562398
0.264035 -2.567303
0.264035 -2.567303
0.264535 -2.572208
0.265035 -2.577113
0.265035 -2.577113
0.265535 -2.582018
0.266035 -2.586923
0.266035 -2.586923
0.266535 -2.591828
0.267035 -2.596733
0.267035 -2.596733
0.267535 -2.601638
0.268035 -2.606543
0.268035 -2.606543
0.268535 -2.611448
0.269035 -2.616353
0.269035 -2.616353
0.269535 -2.621258
0.270035 -2.626163
0.270035 -2.626163
0.270535 -2.631068
0.271035 -2.635973
0.271036 -2.635973
0.271536 -2.640878
0.272036 -2.645783
0.272036 -2.645783
0.272536 -2.650688
0.273036 -2.655593
0.273036 -2.655593
0.273536 -2.660498
0.274036 -2.665403
0.274036 -2.665403
0.274536 -2.670308
0.275036 -2.675213
0.275036 -2.675213
0.275536 -2.680118
0.276036 -2.685023
0.276036 -2.685023
0.276536 -2.689928
0.277036 -2.694833
0.277036 -2.694833
0.277536 -2.699738
0.278036 -2.704643
0.278036 -2.704643
0.278536 -2.709548
0.279036 -2.714453
0.279036 -2.714453
0.279536 -2.719358
0.280036 -2.724263
0.280036 -2.724263
0.280536 -2.729168
0.281036 -2.734073
0.281037 -2.734073
0.281537 -2.738978
0.282037 -2.743883
0.282037 -2.743883
0.282537 -2.748788
0.283037 -2.753693
0.283037 -2.753693
0.283537 -2.758598
0.284037 -2.763503
0.284037 -2.763503
0.284537 -2.768408
0.285037 -2.773313
0.285037 -2.773313
0.285537 -2.778218
0.286037 -2.783123
0.286037 -2.783123
0.286537 -2.788028
0.287037 -2.792933
0.287037 -2.792933
0.287537 -2.797838
0.288037 -2.802743
0.288037 -2.802743
0.288537 -2.807648
0.289037 -2.812553
0.289037 -2.812553
0.289537 -2.817458
0.289537 -0.891463
0.290037 -0.896368
0.290038 -0.896368
0.290538 -0.901273
0.290538 -0.901273
0.291038 -0.906178
0.291538 -0.911083
0.291538 -0.911083
0.292038 -0.915988
0.292538 -0.920893
0.292538 -0.920893
0.293038 -0.925798
0.293538 -0.930703
0.293538 -0.930703
0.294038 -0.935608
0.294538 -0.940513
0.294538 -0.940513
0.295038 -0.945418
0.295538 -0.950323
0.295538 -0.950323
0.296038 -0.955228
0.296538 -0.960133
0.296538 -0.960133
0.297038 -0.965038
0.297538 -0.969943
0.297538 -0.969943
0.298038 -0.974848
0.298538 -0.979753
0.298538 -0.979753
0.299038 -0.984658
0.299538 -0.989563
0.299539 -0.989563
0.300039 -0.994468
0.300539 -0.999373
0.300539 -0.999373
0.301039 -1.004278
0.301539 -1.009183
0.301539 -0.520390
0.302039 -0.525295
0.302539 -0.530200
0.302539 -0.530200
0.303039 -0.535105
0.303539 -0.540010
0.303539 -0.540010
0.304039 -0.544915
0.304539 -0.549820
0.304539 -0.549820
0.305039 -0.554725
0.305539 -0.559630
0.305539 -0.559630
0.306039 -0.564535
0.306539 -0.569440
0.306539 -0.569440
0.307039 -0.574345
0.307539 -0.579250
0.307539 -0.579250
0.308039 -0.584155
0.308539 -0.589060
0.308539 -0.589060
0.309039 -0.593965
0.309539 -0.598870
0.309540 -0.598870
0.310040 -0.603775
0.310540 -0.608680
0.310540 -0.608680
0.311040 -0.613585
0.311540 -0.618490
0.311540 -0.618490
0.312040 -0.623395
0.312540 -0.628300
0.312540 -0.628300
0.313040 -0.633205
0.313540 -0.638110
0.313540 -0.638110
0.314040 -0.643015
0.314540 -0.647920
0.314540 -0.647920
0.315040 -0.652825
0.315540 -0.657730
0.315540 -0.657730
0.316040 -0.662635
0.316540 -0.667540
0.316540 -0.667540
0.317040 -0.672445
0.317540 -0.677350
0.317540 -0.677350
0.318040 -0.682255
0.318540 -0.687160
0.318540 -0.687160
0.319040 -0.692065
0.319540 -0.696970
0.319541 -0.696970
0.320041 -0.701875
0.320541 -0.706780
0.320541 -0.706780
0.321041 -0.711685
0.321541 -0.716590
0.321541 -0.716590
0.322041 -0.721495
0.322541 -0.726400
0.322541 -0.726400
0.323041 -0.731305
0.323541 -0.736210
0.323541 -0.736210
0.324041 -0.741115
0.324541 -0.746020
0.324541 -0.746020
0.325041 -0.750925
0.325541 -0.755830
0.325541 -0.755830
0.326041 -0.760735
0.326541 -0.765640
0.326541 -0.765640
0.327041 -0.770545
0.327541 -0.775450
0.327541 -0.775450
0.328041 -0.780355
0.328541 -0.785260
0.328541 -0.785260
0.329041 -0.790165
0.329541 -0.795070
0.329542 -0.795070
0.330042 -0.799975
0.330542 -0.804880
0.330542 -0.804880
0.331042 -0.809785
0.331542 -0.814690
0.331542 -0.814690
0.332042 -0.819595
0.332542 -0.824500
0.332542 -0.824500
0.333042 -0.829405
0.333542 -0.834310
0.333542 -0.834310
0.334042 -0.839215
0.334542 -0.844120
